*************************************************
******************* ORCA 6.1.1 ******************
*************************************************
$Calculation_Status
   &GeometryIndex 2
   &version [&Type "String"] "6.1.1"
   &progName [&Type "String"] "LeanSCF"
   &Status [&Type "String"] "NORMAL TERMINATION"
$End
$Geometry
   &GeometryIndex 1
   &NAtoms [&Type "Integer"] 37
   &NCorelessECP [&Type "Integer"] 0
   &NGhostAtoms [&Type "Integer"] 0
   &CartesianCoordinates [&Type "Coordinates", &Dim(37,4), &Units "Bohr"] 
              P     -6.825495436309   -2.961111296943   -0.198488190531
              O     -8.264528013252   -2.485372589462   -2.566508461201
              O     -7.929360050525   -4.391481224667    1.954747170341
              O     -4.186940576520   -4.265826915819   -1.079035365341
              O     -5.886117640872   -0.294890227194    0.997607703416
              C     -4.907334381120    1.570437269606   -0.646870627294
              C     -3.105360533684    3.232520082465    0.812629576141
              O     -1.031915488758    1.761213654565    1.788282356254
              C     -1.925868117190    5.282108689996   -0.809009883641
              O     -1.353148856842    7.390001221701    0.712671096788
              C      0.508924817837    4.008900449691   -1.699940501524
              O      2.452182055645    5.702173824493   -2.305818110667
              C      1.230553556034    2.485486607421    0.638143491977
              N      2.707349853314    0.249047100055    0.084003567902
              C      1.901454357353   -1.904517825534   -1.110362494912
              N      3.682504103479   -3.594195190028   -1.375687084468
              C      5.764200568880   -2.494661119043   -0.309107594269
              C      8.252266359602   -3.361213085913   -0.036260416613
              N      9.097030141434   -5.561285934088   -0.818468353000
              N      9.803062505236   -1.689418846868    1.146252949627
              C      9.050407617739    0.612272050313    2.001470386582
              N      6.779762997945    1.499338065885    1.785124840980
              C      5.193832339624   -0.104574866795    0.618056709186
              H     -3.296777702094   -4.955864772880    0.353358528284
              H     -3.934311104632    0.698029764242   -2.252455660432
              H     -6.443992454638    2.740785506344   -1.389014490754
              H     -4.084691695181    4.066831548299    2.428203890306
              H     -3.143912891244    5.812689472240   -2.396436941542
              H      0.051899815050    8.245001289252   -0.083706225745
              H      0.100517532021    2.730185170598   -3.272238619144
              H      2.341066353921    6.118911571771   -4.073851291384
              H      2.399928894070    3.641852538899    1.893057571434
              H     -0.038404411388   -2.128181106486   -1.710142091343
              H      7.904933001295   -6.760056377514   -1.693659383265
              H     10.914652074525   -6.086549188496   -0.601160135948
              H     10.516816112856    1.713865723037    2.909668309471
              H     11.641165331031   -2.159908805715    1.412138252491
$End
$SCF_Mulliken_Population_Analysis
   &GeometryIndex 1
   &NAtoms [&Type "Integer"] 37
   &ATNO [&Type "ArrayOfIntegers", &Dim (37,1)] 
                                                         0

0                                                       15
1                                                        8
2                                                        8
3                                                        8
4                                                        8
5                                                        6
6                                                        6
7                                                        8
8                                                        6
9                                                        8
10                                                       6
11                                                       8
12                                                       6
13                                                       7
14                                                       6
15                                                       7
16                                                       6
17                                                       6
18                                                       7
19                                                       7
20                                                       6
21                                                       7
22                                                       6
23                                                       1
24                                                       1
25                                                       1
26                                                       1
27                                                       1
28                                                       1
29                                                       1
30                                                       1
31                                                       1
32                                                       1
33                                                       1
34                                                       1
35                                                       1
36                                                       1
   &AtomicCharges [&Type "ArrayOfDoubles", &Dim (37,1)] 
                                                         0

0                                      7.9107115020739549e-01
1                                     -7.0339910455823684e-01
2                                     -7.0803114926196287e-01
3                                     -5.4393571235780946e-01
4                                     -3.5574174258365510e-01
5                                     -1.3258303590922971e-01
6                                      1.4762128286717058e-01
7                                     -3.1006151026926787e-01
8                                      9.4031950297310374e-02
9                                     -4.9550034705176316e-01
10                                    -6.0603647302938768e-02
11                                    -4.9429002300341907e-01
12                                     7.4356082469816620e-02
13                                     9.5257614311472061e-02
14                                    -2.1021087953239537e-02
15                                    -2.9040432486150713e-01
16                                     9.7698405126397603e-02
17                                     9.1290416001880814e-02
18                                    -3.2730924753447788e-01
19                                    -1.2254105677633653e-01
20                                     7.0928720019026059e-02
21                                    -2.9759271721569558e-01
22                                     1.9114792900543076e-01
23                                     3.6689851235921589e-01
24                                     1.2525983125257711e-01
25                                     1.3349519468103277e-01
26                                     1.0671717821730753e-01
27                                     1.3141534637813601e-01
28                                     3.4543352643741398e-01
29                                     1.5207348813280652e-01
30                                     3.7074438821697620e-01
31                                     1.1486237841588687e-01
32                                     2.0689682884561988e-01
33                                     3.1190787252945085e-01
34                                     3.1725690906564408e-01
35                                     2.1099859297061652e-01
36                                     3.1565110883144465e-01
   &Method [&Type "String"] "SCF"
   &Level [&Type "String"] "Relaxed density"
   &Mult [&Type "Integer"] 1
   &State [&Type "Integer"] -1
   &Irrep [&Type "Integer"] 0
$End
$SCF_Loewdin_Population_Analysis
   &GeometryIndex 1
   &NAtoms [&Type "Integer"] 37
   &ATNO [&Type "ArrayOfIntegers", &Dim (37,1)] 
                                                         0

0                                                       15
1                                                        8
2                                                        8
3                                                        8
4                                                        8
5                                                        6
6                                                        6
7                                                        8
8                                                        6
9                                                        8
10                                                       6
11                                                       8
12                                                       6
13                                                       7
14                                                       6
15                                                       7
16                                                       6
17                                                       6
18                                                       7
19                                                       7
20                                                       6
21                                                       7
22                                                       6
23                                                       1
24                                                       1
25                                                       1
26                                                       1
27                                                       1
28                                                       1
29                                                       1
30                                                       1
31                                                       1
32                                                       1
33                                                       1
34                                                       1
35                                                       1
36                                                       1
   &AtomicCharges [&Type "ArrayOfDoubles", &Dim (37,1)] 
                                                         0

0                                     -1.0102060330584806e-01
1                                     -3.9812757057240233e-01
2                                     -4.0575697677231304e-01
3                                     -1.7523172788168928e-01
4                                      3.5826848578739856e-02
5                                     -3.2714339413122495e-01
6                                     -2.7944653546323384e-01
7                                      2.1742764271624715e-01
8                                     -3.1568545131721670e-01
9                                     -8.3258796077387842e-03
10                                    -3.1914037416992702e-01
11                                     1.2209183608597129e-02
12                                    -2.9630341077611355e-01
13                                     3.0965885762666367e-01
14                                    -2.0472458812115679e-01
15                                     1.1465086919927803e-01
16                                    -2.0160942128922965e-01
17                                    -2.2672622202824044e-01
18                                     1.2416605011187887e-01
19                                     2.6796914117588955e-01
20                                    -1.9805179527578876e-01
21                                     1.3933305573466370e-01
22                                    -2.1595808529123151e-01
23                                     1.8225272380863000e-01
24                                     1.3225065312435025e-01
25                                     1.3726791904128011e-01
26                                     1.5643461022873151e-01
27                                     1.5199719476911533e-01
28                                     1.8566100593182522e-01
29                                     1.6173765349814107e-01
30                                     2.0261215602905880e-01
31                                     1.5956898134493658e-01
32                                     1.4947446545907550e-01
33                                     2.1197537445000159e-01
34                                     2.0997559941523081e-01
35                                     1.6546098736673776e-01
36                                     2.4534106278480805e-01
   &Method [&Type "String"] "SCF"
   &Level [&Type "String"] "Relaxed density"
   &Mult [&Type "Integer"] 1
   &State [&Type "Integer"] -1
   &Irrep [&Type "Integer"] 0
$End
$SCF_Mayer_Population_Analysis
   &GeometryIndex 1
   &NAtoms [&Type "Integer"] 37 "Total number of atoms"
   &NBondOrdersPrint [&Type "Integer"] 39 "The number of bond orders larger than threshold"
   &bondThresh [&Type "Double"]       1.0000000000000001e-01  "The threshold for printing"
   &components [&Type "ArrayOfIntegers", &Dim (39,4)] "The indices and atomic numbers of the bonding atoms"
                                                         0                           1                           2                           3

0                                                        0                          15                           1                           8
1                                                        0                          15                           2                           8
2                                                        0                          15                           3                           8
3                                                        0                          15                           4                           8
4                                                        3                           8                          23                           1
5                                                        4                           8                           5                           6
6                                                        5                           6                           6                           6
7                                                        5                           6                          24                           1
8                                                        5                           6                          25                           1
9                                                        6                           6                           7                           8
10                                                       6                           6                           8                           6
11                                                       6                           6                          26                           1
12                                                       7                           8                          12                           6
13                                                       8                           6                           9                           8
14                                                       8                           6                          10                           6
15                                                       8                           6                          27                           1
16                                                       9                           8                          28                           1
17                                                      10                           6                          11                           8
18                                                      10                           6                          12                           6
19                                                      10                           6                          29                           1
20                                                      11                           8                          30                           1
21                                                      12                           6                          13                           7
22                                                      12                           6                          31                           1
23                                                      13                           7                          14                           6
24                                                      13                           7                          22                           6
25                                                      14                           6                          15                           7
26                                                      14                           6                          32                           1
27                                                      15                           7                          16                           6
28                                                      16                           6                          17                           6
29                                                      16                           6                          22                           6
30                                                      17                           6                          18                           7
31                                                      17                           6                          19                           7
32                                                      18                           7                          33                           1
33                                                      18                           7                          34                           1
34                                                      19                           7                          20                           6
35                                                      19                           7                          36                           1
36                                                      20                           6                          21                           7
37                                                      20                           6                          35                           1
38                                                      21                           7                          22                           6
   &BondOrders [&Type "ArrayOfDoubles", &Dim (39,1)] "The bond orders"
                                                         0

0                                      1.8587154338133236e+00
1                                      1.8981642734415733e+00
2                                      1.0828596056249478e+00
3                                      1.0467770167204633e+00
4                                      8.4576280794632985e-01
5                                      9.3230109247506332e-01
6                                      9.7387175792879010e-01
7                                      9.5201273854062762e-01
8                                      9.4982688690970185e-01
9                                      9.6110669918832181e-01
10                                     9.3225146813153459e-01
11                                     9.2566288678072961e-01
12                                     1.1039966832550796e+00
13                                     1.0365031606573780e+00
14                                     9.9871757800149807e-01
15                                     9.5450051826770588e-01
16                                     8.4895514993271881e-01
17                                     1.1161859122365450e+00
18                                     9.4714887247241863e-01
19                                     9.6606377998640325e-01
20                                     8.5560051982628571e-01
21                                     9.0918403880260090e-01
22                                     9.3345790791487881e-01
23                                     1.1803783507003391e+00
24                                     1.2001303872463907e+00
25                                     1.7023703425651009e+00
26                                     9.3523530736350557e-01
27                                     1.2991620526754510e+00
28                                     1.2604941460238410e+00
29                                     1.3678760447387552e+00
30                                     1.5118360742395247e+00
31                                     1.2671556586686790e+00
32                                     8.6730935840703727e-01
33                                     8.5792011772058707e-01
34                                     1.2322328324490661e+00
35                                     8.5605431709917590e-01
36                                     1.6813509976964294e+00
37                                     9.3220981535891323e-01
38                                     1.2421342402236339e+00
   &ATNO [&Type "ArrayOfIntegers", &Dim (37,1)] "Atomic number of the elements"
                                                         0

0                                                       15
1                                                        8
2                                                        8
3                                                        8
4                                                        8
5                                                        6
6                                                        6
7                                                        8
8                                                        6
9                                                        8
10                                                       6
11                                                       8
12                                                       6
13                                                       7
14                                                       6
15                                                       7
16                                                       6
17                                                       6
18                                                       7
19                                                       7
20                                                       6
21                                                       7
22                                                       6
23                                                       1
24                                                       1
25                                                       1
26                                                       1
27                                                       1
28                                                       1
29                                                       1
30                                                       1
31                                                       1
32                                                       1
33                                                       1
34                                                       1
35                                                       1
36                                                       1
   &NA [&Type "ArrayOfDoubles", &Dim (37,1)] "Mulliken gross atomic population"
                                                         0

0                                      1.4208928849792599e+01
1                                      8.7033991045582457e+00
2                                      8.7080311492619558e+00
3                                      8.5439357123578112e+00
4                                      8.3557417425836569e+00
5                                      6.1325830359092350e+00
6                                      5.8523787171328330e+00
7                                      8.3100615102692785e+00
8                                      5.9059680497026905e+00
9                                      8.4955003470517667e+00
10                                     6.0606036473029468e+00
11                                     8.4942900230034084e+00
12                                     5.9256439175301896e+00
13                                     6.9047423856885350e+00
14                                     6.0210210879532315e+00
15                                     7.2904043248615036e+00
16                                     5.9023015948736033e+00
17                                     5.9087095839981192e+00
18                                     7.3273092475344743e+00
19                                     7.1225410567763401e+00
20                                     5.9290712799809828e+00
21                                     7.2975927172156982e+00
22                                     5.8088520709945710e+00
23                                     6.3310148764078467e-01
24                                     8.7474016874742300e-01
25                                     8.6650480531896712e-01
26                                     8.9328282178269203e-01
27                                     8.6858465362186388e-01
28                                     6.5456647356258602e-01
29                                     8.4792651186719337e-01
30                                     6.2925561178302380e-01
31                                     8.8513762158411302e-01
32                                     7.9310317115438056e-01
33                                     6.8809212747054893e-01
34                                     6.8274309093435570e-01
35                                     7.8900140702938382e-01
36                                     6.8434889116855535e-01
   &ZA [&Type "ArrayOfDoubles", &Dim (37,1)] "Total nuclear charge"
                                                         0

0                                      1.5000000000000000e+01
1                                      8.0000000000000000e+00
2                                      8.0000000000000000e+00
3                                      8.0000000000000000e+00
4                                      8.0000000000000000e+00
5                                      6.0000000000000000e+00
6                                      6.0000000000000000e+00
7                                      8.0000000000000000e+00
8                                      6.0000000000000000e+00
9                                      8.0000000000000000e+00
10                                     6.0000000000000000e+00
11                                     8.0000000000000000e+00
12                                     6.0000000000000000e+00
13                                     7.0000000000000000e+00
14                                     6.0000000000000000e+00
15                                     7.0000000000000000e+00
16                                     6.0000000000000000e+00
17                                     6.0000000000000000e+00
18                                     7.0000000000000000e+00
19                                     7.0000000000000000e+00
20                                     6.0000000000000000e+00
21                                     7.0000000000000000e+00
22                                     6.0000000000000000e+00
23                                     1.0000000000000000e+00
24                                     1.0000000000000000e+00
25                                     1.0000000000000000e+00
26                                     1.0000000000000000e+00
27                                     1.0000000000000000e+00
28                                     1.0000000000000000e+00
29                                     1.0000000000000000e+00
30                                     1.0000000000000000e+00
31                                     1.0000000000000000e+00
32                                     1.0000000000000000e+00
33                                     1.0000000000000000e+00
34                                     1.0000000000000000e+00
35                                     1.0000000000000000e+00
36                                     1.0000000000000000e+00
   &QA [&Type "ArrayOfDoubles", &Dim (37,1)] "Mulliken gross atomic charge"
                                                         0

0                                      7.9107115020740082e-01
1                                     -7.0339910455824572e-01
2                                     -7.0803114926195576e-01
3                                     -5.4393571235781124e-01
4                                     -3.5574174258365687e-01
5                                     -1.3258303590923504e-01
6                                      1.4762128286716703e-01
7                                     -3.1006151026927853e-01
8                                      9.4031950297309486e-02
9                                     -4.9550034705176671e-01
10                                    -6.0603647302946761e-02
11                                    -4.9429002300340841e-01
12                                     7.4356082469810403e-02
13                                     9.5257614311464955e-02
14                                    -2.1021087953231543e-02
15                                    -2.9040432486150358e-01
16                                     9.7698405126396715e-02
17                                     9.1290416001880814e-02
18                                    -3.2730924753447432e-01
19                                    -1.2254105677634008e-01
20                                     7.0928720019017177e-02
21                                    -2.9759271721569824e-01
22                                     1.9114792900542898e-01
23                                     3.6689851235921533e-01
24                                     1.2525983125257700e-01
25                                     1.3349519468103288e-01
26                                     1.0671717821730797e-01
27                                     1.3141534637813612e-01
28                                     3.4543352643741398e-01
29                                     1.5207348813280663e-01
30                                     3.7074438821697620e-01
31                                     1.1486237841588698e-01
32                                     2.0689682884561944e-01
33                                     3.1190787252945107e-01
34                                     3.1725690906564430e-01
35                                     2.1099859297061618e-01
36                                     3.1565110883144465e-01
   &VA [&Type "ArrayOfDoubles", &Dim (37,1)] "Mayer's total valence"
                                                         0

0                                      5.9525730865841524e+00
1                                      1.8621658744260774e+00
2                                      1.8691042698377220e+00
3                                      1.9247178995448557e+00
4                                      1.9694952101883985e+00
5                                      3.9400143712761917e+00
6                                      3.8561415970730488e+00
7                                      2.0723132356047618e+00
8                                      3.9968742995488635e+00
9                                      1.9680671119665174e+00
10                                     4.2094215250101534e+00
11                                     1.9647311560463105e+00
12                                     3.9379527179258460e+00
13                                     3.3225920588300379e+00
14                                     4.0600726005100896e+00
15                                     3.1366685218559311e+00
16                                     3.9730565494547188e+00
17                                     4.3911970582494266e+00
18                                     3.3359615138602905e+00
19                                     3.4455995917320799e+00
20                                     4.0415362997663440e+00
21                                     3.0538518486355439e+00
22                                     4.0542439104599133e+00
23                                     8.8680000410401261e-01
24                                     9.8524238381453411e-01
25                                     9.7280001087534473e-01
26                                     9.8894038507037785e-01
27                                     9.6901146437066765e-01
28                                     9.1221711373673076e-01
29                                     9.6316064032368598e-01
30                                     8.7611293539101176e-01
31                                     1.0193431935678983e+00
32                                     9.7229674673825550e-01
33                                     9.1691811444401661e-01
34                                     9.0971835482628050e-01
35                                     9.4821213610472710e-01
36                                     9.0488496275946395e-01
   &BVA [&Type "ArrayOfDoubles", &Dim (37,1)] "Mayer's bonded valence"
                                                         0

0                                      5.9525730865841293e+00
1                                      1.8621658744261005e+00
2                                      1.8691042698377132e+00
3                                      1.9247178995448291e+00
4                                      1.9694952101884304e+00
5                                      3.9400143712761282e+00
6                                      3.8561415970729072e+00
7                                      2.0723132356047120e+00
8                                      3.9968742995487756e+00
9                                      1.9680671119665778e+00
10                                     4.2094215250100859e+00
11                                     1.9647311560463336e+00
12                                     3.9379527179259295e+00
13                                     3.3225920588300575e+00
14                                     4.0600726005102015e+00
15                                     3.1366685218557961e+00
16                                     3.9730565494544403e+00
17                                     4.3911970582491620e+00
18                                     3.3359615138603012e+00
19                                     3.4455995917319315e+00
20                                     4.0415362997663955e+00
21                                     3.0538518486354569e+00
22                                     4.0542439104598262e+00
23                                     8.8680000410401472e-01
24                                     9.8524238381453566e-01
25                                     9.7280001087532475e-01
26                                     9.8894038507031923e-01
27                                     9.6901146437064789e-01
28                                     9.1221711373674319e-01
29                                     9.6316064032368209e-01
30                                     8.7611293539101887e-01
31                                     1.0193431935679187e+00
32                                     9.7229674673831679e-01
33                                     9.1691811444402171e-01
34                                     9.0971835482629004e-01
35                                     9.4821213610473098e-01
36                                     9.0488496275944819e-01
   &FA [&Type "ArrayOfDoubles", &Dim (37,1)] "Mayer's free valence"
                                                         0

0                                      0.0000000000000000e+00
1                                      0.0000000000000000e+00
2                                      0.0000000000000000e+00
3                                      0.0000000000000000e+00
4                                      0.0000000000000000e+00
5                                      0.0000000000000000e+00
6                                      0.0000000000000000e+00
7                                      0.0000000000000000e+00
8                                      0.0000000000000000e+00
9                                      0.0000000000000000e+00
10                                     0.0000000000000000e+00
11                                     0.0000000000000000e+00
12                                     0.0000000000000000e+00
13                                     0.0000000000000000e+00
14                                     0.0000000000000000e+00
15                                     0.0000000000000000e+00
16                                     0.0000000000000000e+00
17                                     0.0000000000000000e+00
18                                     0.0000000000000000e+00
19                                     0.0000000000000000e+00
20                                     0.0000000000000000e+00
21                                     0.0000000000000000e+00
22                                     0.0000000000000000e+00
23                                     0.0000000000000000e+00
24                                     0.0000000000000000e+00
25                                     0.0000000000000000e+00
26                                     0.0000000000000000e+00
27                                     0.0000000000000000e+00
28                                     0.0000000000000000e+00
29                                     0.0000000000000000e+00
30                                     0.0000000000000000e+00
31                                     0.0000000000000000e+00
32                                     0.0000000000000000e+00
33                                     0.0000000000000000e+00
34                                     0.0000000000000000e+00
35                                     0.0000000000000000e+00
36                                     0.0000000000000000e+00
   &Method [&Type "String"] "SCF"
   &Level [&Type "String"] "Relaxed density"
   &Mult [&Type "Integer"] 1
   &State [&Type "Integer"] -1
   &Irrep [&Type "Integer"] 0
$End
$SCF_Energy
   &GeometryIndex 1
   &Method [&Type "String"] "SCF"
   &totalEnergy [&Type "ArrayOfDoubles", &Dim (1,1)] "Total energy of each state"
                                                         0

0                                     -1.5304293457134465e+03
   &Mult [&Type "ArrayOfIntegers", &Dim (1,1)] "Multiplicity of each state"
                                                         0

0                                                        1
$End
$DFT_Energy
   &GeometryIndex 1
   &nAlphaEl [&Type "Integer"] 89
   &nBetaEl [&Type "Integer"] 89
   &nTotalEl [&Type "Integer"] 179
   &finalEn [&Type "Double"]      -1.5304293457134465e+03  "No Van der Waals correction"
   &eExchange [&Type "Double"]      -1.2773363908369581e+02
   &eCorr [&Type "Double"]      -6.2567450716091049e+00
   &eXC [&Type "Double"]      -1.3399038415530492e+02
   &eCNL [&Type "Double"]       0.0000000000000000e+00
$End
$Solvation_Details
   &GeometryIndex 1
   &Solvent [&Type "String"] "WATER"
   &Epsilon [&Type "Double"]       8.0150999999999996e+01
   &Refrac [&Type "Double"]       1.3328000000000000e+00
   &RSolv [&Type "Double"]       1.3000000000000000e+00
   &SurfaceType [&Type "String"] "GAUSSIAN VDW"
   &CPCMDielEnergy [&Type "Double"]      -1.6485767000000001e-01
   &NPoints [&Type "Integer"] 3085
   &SurfaceArea [&Type "Double"]       1.2052848854839999e+03
$End
$SCF_Timings
   &GeometryIndex 1
   &TOTAL [&Type "Double"]       1.1301014500000001e+02
   &PREP [&Type "Double"]       8.9394499999999999e-01
   &FOCK [&Type "Double"]       1.0277586500000001e+02
   &DENS [&Type "Double"]       3.1632300000001123e-01
   &ETOT [&Type "Double"]       1.7087299999998962e-01
   &POP [&Type "Double"]       1.8178799999999740e-01
   &TRAFO [&Type "Double"]       5.6888199999999856e-01
   &DIIS [&Type "Double"]       3.1366699999999987e+00
   &SOSCF [&Type "Double"]       1.5664390000000026e+00
   &XC [&Type "Double"]       1.1618840999999973e+01
   &FOCKSTART [&Type "Double"]       5.3279000000003518e-02
   &SOLV [&Type "Double"]       1.1594470999999995e+01
   &SOLV_INIT [&Type "Double"]       2.9355100000000001e-01
   &INT_PREP [&Type "Double"]       2.9999999995311555e-06
   &INT_BF [&Type "Double"]       2.2476750000003758e+00
   &INT_DENS [&Type "Double"]       3.5225300000001312e+00
   &INT_DENSIO [&Type "Double"]       2.7486985351000034e+05
   &INT_FUNC [&Type "Double"]       1.2663600000029795e-01
   &INT_POT [&Type "Double"]       3.0254439999997302e+00
   &INT_POTIO [&Type "Double"]       2.2935999999894818e-02
   &INT_SUM [&Type "Double"]       1.4460000000156015e-03
   &SPLITRIJ [&Type "Double"]       8.5036310000000128e+00
   &COSX [&Type "Double"]       7.5240293000000008e+01
$End
$VdW_Correction
   &GeometryIndex 1
   &vdW [&Type "Double"]      -4.1730069183824416e-02
$End
$Single_Point_Data
   &GeometryIndex 1
   &FinalEnergy [&Type "Double"]      -1.5304710757826304e+03  "Final single point energy"
   &Converged [&Type "Boolean"] true
$End
$SCF_Nuc_Gradient
   &GeometryIndex 1
   &NAtoms [&Type "Integer"] 37
   &gradNorm [&Type "Double"]       2.0256835145349684e-04
   &grad [&Type "ArrayOfDoubles", &Dim (111,1)] 
                                                         0

0                                      5.5569623304763702e-05
1                                     -3.5720999469844605e-05
2                                     -3.0453895809490305e-05
3                                      7.0312531973882209e-06
4                                     -1.8615164018929918e-05
5                                      8.4577672320695061e-06
6                                     -2.6538577499913174e-06
7                                     -3.6041145467491083e-06
8                                     -2.3519890524688770e-07
9                                     -5.0965782402128881e-05
10                                     1.8165709291882118e-05
11                                     2.6056936106728038e-05
12                                     6.2772843661419698e-06
13                                     9.4094490966771006e-09
14                                     2.3987277654883229e-05
15                                     4.5085437321824525e-06
16                                    -1.7017660423126563e-05
17                                    -2.6894805117583547e-05
18                                     3.4194190995733232e-05
19                                     1.9551664607093565e-06
20                                     4.9339689135925757e-06
21                                    -1.3963280583018694e-05
22                                     2.6772817063815037e-06
23                                    -5.5251375541912756e-06
24                                     4.7100570526319879e-06
25                                     1.5132585747137321e-05
26                                     1.4601024897105873e-05
27                                    -1.9066870713513683e-05
28                                     8.1276107302152866e-06
29                                    -3.9492999022074804e-05
30                                    -2.7462225950922102e-05
31                                    -1.9094901244117682e-05
32                                    -3.3902719679172012e-05
33                                    -1.2636382633958554e-05
34                                     1.4615363896133544e-06
35                                    -8.1015980482032136e-06
36                                    -2.7153591785880095e-05
37                                    -1.7961145956938375e-05
38                                     6.8216245911817207e-06
39                                     5.7463920821827156e-05
40                                     3.8207860122949002e-05
41                                    -6.1129076233831602e-06
42                                    -2.0258455167865633e-05
43                                    -5.4974712198140122e-05
44                                    -2.1749433188740465e-05
45                                     2.0564507627089575e-05
46                                     1.3427660337907010e-05
47                                     2.3494451538031838e-05
48                                    -2.0494970919357090e-05
49                                    -1.8415453594555775e-05
50                                    -6.4664925451561118e-06
51                                    -1.0982099960054019e-05
52                                     3.4636494495931316e-05
53                                     2.5060153381678324e-05
54                                     1.4547210362995274e-05
55                                    -9.5027786622636193e-06
56                                     1.9375596151559497e-05
57                                     3.1171840839399007e-05
58                                    -7.5821999910001276e-06
59                                    -3.5034183950222374e-05
60                                     2.0502382845878847e-06
61                                    -2.8167153134114713e-09
62                                     1.9578672950025506e-05
63                                     1.4706465176094765e-05
64                                     1.9286568067257057e-06
65                                     1.9133365751582132e-06
66                                    -1.6806695055139950e-05
67                                     1.0694239508940028e-05
68                                     4.8130647946934783e-06
69                                     5.6364986303843493e-06
70                                     1.2773273870729068e-05
71                                     1.5216797171650114e-05
72                                    -1.2446742677299646e-05
73                                    -1.4663497522431471e-05
74                                     8.0699471557956414e-07
75                                     5.2675362321431233e-06
76                                     1.2637390374848096e-05
77                                     9.7221566645262067e-06
78                                    -1.3122529328833844e-05
79                                    -6.4032606836691899e-06
80                                    -6.6949984504508040e-06
81                                    -1.4016866757675272e-05
82                                    -1.4863298173778958e-05
83                                    -5.5502781303545080e-06
84                                     5.0076225330406877e-06
85                                    -6.1113870071307383e-06
86                                    -7.4056038614758015e-06
87                                     1.7029649267024769e-05
88                                    -4.4634171360168371e-06
89                                    -2.1239219393045822e-06
90                                     3.9682402469441919e-06
91                                    -7.6374872389613983e-06
92                                    -1.0821142217103108e-05
93                                    -6.4407843025471217e-06
94                                     1.1000247859513929e-05
95                                    -4.5393931791105988e-06
96                                     5.5342172538343530e-07
97                                     3.1347352498188634e-05
98                                     1.1373344214209789e-05
99                                     4.8955908532050734e-06
100                                    8.1183416160646388e-06
101                                    6.8315661225537593e-06
102                                   -3.2722567084145948e-06
103                                   -7.5228823322666979e-07
104                                    1.8862730018763623e-05
105                                   -2.5134977928233977e-05
106                                    3.2020000324367630e-05
107                                    7.8500058124989750e-06
108                                    1.7246572390440442e-06
109                                    3.0657817479408608e-06
110                                    1.3472559659116667e-06
   &Method [&Type "String"] "SCF"
   &Level [&Type "String"] "Relaxed density"
   &Mult [&Type "Integer"] 1
   &State [&Type "Integer"] 0
   &Irrep [&Type "Integer"] 0
$End
$Geometry
   &GeometryIndex 2
   &NAtoms [&Type "Integer"] 37
   &NCorelessECP [&Type "Integer"] 0
   &NGhostAtoms [&Type "Integer"] 0
   &CartesianCoordinates [&Type "Coordinates", &Dim(37,4), &Units "Bohr"] 
              P     -6.829766006291   -2.959498531538   -0.199063715295
              O     -8.271714254988   -2.481443129763   -2.564849678639
              O     -7.931687506534   -4.390240682057    1.954922376994
              O     -4.193310133387   -4.265692482089   -1.083995155255
              O     -5.887055672213   -0.294526255414    0.997171544480
              C     -4.907354923895    1.570379187255   -0.647228845329
              C     -3.105273326151    3.232109497309    0.812568182646
              O     -1.032232641149    1.760490494439    1.788773969443
              C     -1.924932147438    5.281425671891   -0.808793225302
              O     -1.351875565556    7.389001666936    0.713226011345
              C      0.509674691626    4.007626728700   -1.699264960013
              O      2.453374357076    5.700401494444   -2.305111287116
              C      1.230612665985    2.484376024209    0.639093270801
              N      2.707459228214    0.247798557315    0.085684620384
              C      1.901868275706   -1.906506692593   -1.107499642062
              N      3.683422558706   -3.595648986255   -1.372921427199
              C      5.765214380669   -2.494908479822   -0.307723471732
              C      8.253797272488   -3.360292100628   -0.035917451397
              N      9.099206393746   -5.560162915420   -0.817947831394
              N      9.804409711093   -1.687369352179    1.145244229165
              C      9.051383334051    0.614502578672    1.999504822187
              N      6.780254495675    1.500547405140    1.784004765850
              C      5.194336108252   -0.104680375399    0.618725860392
              H     -3.302235529551   -4.958288209304    0.346595342999
              H     -3.934169717288    0.697633545780   -2.252547645128
              H     -6.443571289816    2.740989298343   -1.389867006684
              H     -4.084688407125    4.066748971202    2.427913919643
              H     -3.142470976782    5.812508862580   -2.396438424212
              H      0.053227591448    8.243948721459   -0.083107110386
              H      0.101061006379    2.728824727096   -3.271462574121
              H      2.342385027142    6.117106497698   -4.073160399794
              H      2.399797342863    3.640785641479    1.894135295835
              H     -0.038150225201   -2.131332038561   -1.706369615891
              H      7.907192957844   -6.759885484533   -1.691950858512
              H     10.917275013856   -6.084344735385   -0.601670533761
              H     10.518022279489    1.717065173800    2.906167267620
              H     11.642864665696   -2.156908067381    1.410353857601
$End
$SCF_Mulliken_Population_Analysis
   &GeometryIndex 2
   &NAtoms [&Type "Integer"] 37
   &ATNO [&Type "ArrayOfIntegers", &Dim (37,1)] 
                                                         0

0                                                       15
1                                                        8
2                                                        8
3                                                        8
4                                                        8
5                                                        6
6                                                        6
7                                                        8
8                                                        6
9                                                        8
10                                                       6
11                                                       8
12                                                       6
13                                                       7
14                                                       6
15                                                       7
16                                                       6
17                                                       6
18                                                       7
19                                                       7
20                                                       6
21                                                       7
22                                                       6
23                                                       1
24                                                       1
25                                                       1
26                                                       1
27                                                       1
28                                                       1
29                                                       1
30                                                       1
31                                                       1
32                                                       1
33                                                       1
34                                                       1
35                                                       1
36                                                       1
   &AtomicCharges [&Type "ArrayOfDoubles", &Dim (37,1)] 
                                                         0

0                                      7.9106476223207522e-01
1                                     -7.0342537673411520e-01
2                                     -7.0800627891175338e-01
3                                     -5.4397008404750302e-01
4                                     -3.5571197223546314e-01
5                                     -1.3266068621185134e-01
6                                      1.4768006260594646e-01
7                                     -3.1009610461789450e-01
8                                      9.4008338711879524e-02
9                                     -4.9548779684146638e-01
10                                    -6.0659557974494405e-02
11                                    -4.9427117715624647e-01
12                                     7.4488326054887644e-02
13                                     9.5192753971832467e-02
14                                    -2.0930286531893216e-02
15                                    -2.9039239733180278e-01
16                                     9.7773876562805562e-02
17                                     9.1251404939832526e-02
18                                    -3.2732673012827540e-01
19                                    -1.2254315894438328e-01
20                                     7.0909391740563876e-02
21                                    -2.9763451382697159e-01
22                                     1.9122812303297732e-01
23                                     3.6690759790387251e-01
24                                     1.2528302966080029e-01
25                                     1.3348584528673535e-01
26                                     1.0671795116923843e-01
27                                     1.3143469614232162e-01
28                                     3.4543676169566673e-01
29                                     1.5204051065027957e-01
30                                     3.7074232512834182e-01
31                                     1.1485356853718742e-01
32                                     2.0678437261574822e-01
33                                     3.1191672989487129e-01
34                                     3.1726211998083820e-01
35                                     2.1100308169426452e-01
36                                     3.1565049128086642e-01
   &Method [&Type "String"] "SCF"
   &Level [&Type "String"] "Relaxed density"
   &Mult [&Type "Integer"] 1
   &State [&Type "Integer"] -1
   &Irrep [&Type "Integer"] 0
$End
$SCF_Loewdin_Population_Analysis
   &GeometryIndex 2
   &NAtoms [&Type "Integer"] 37
   &ATNO [&Type "ArrayOfIntegers", &Dim (37,1)] 
                                                         0

0                                                       15
1                                                        8
2                                                        8
3                                                        8
4                                                        8
5                                                        6
6                                                        6
7                                                        8
8                                                        6
9                                                        8
10                                                       6
11                                                       8
12                                                       6
13                                                       7
14                                                       6
15                                                       7
16                                                       6
17                                                       6
18                                                       7
19                                                       7
20                                                       6
21                                                       7
22                                                       6
23                                                       1
24                                                       1
25                                                       1
26                                                       1
27                                                       1
28                                                       1
29                                                       1
30                                                       1
31                                                       1
32                                                       1
33                                                       1
34                                                       1
35                                                       1
36                                                       1
   &AtomicCharges [&Type "ArrayOfDoubles", &Dim (37,1)] 
                                                         0

0                                     -1.0100285129728270e-01
1                                     -3.9815375752062110e-01
2                                     -4.0574435030066169e-01
3                                     -1.7529838072097803e-01
4                                      3.5835405039067680e-02
5                                     -3.2714689866503122e-01
6                                     -2.7941169605585259e-01
7                                      2.1741191149094874e-01
8                                     -3.1569076844302835e-01
9                                     -8.3176464824425977e-03
10                                    -3.1916105379888382e-01
11                                     1.2213056412056389e-02
12                                    -2.9630936614548720e-01
13                                     3.0966603024972716e-01
14                                    -2.0470482882091634e-01
15                                     1.1463920454938403e-01
16                                    -2.0159947677667578e-01
17                                    -2.2672426846498528e-01
18                                     1.2417273800617767e-01
19                                     2.6797180269515941e-01
20                                    -1.9806527527562867e-01
21                                     1.3933710019212242e-01
22                                    -2.1595020411606125e-01
23                                     1.8224265597962086e-01
24                                     1.3225142557226699e-01
25                                     1.3726045578035029e-01
26                                     1.5643757350018139e-01
27                                     1.5199936846467688e-01
28                                     1.8566537431056274e-01
29                                     1.6174082192329786e-01
30                                     2.0261138051163330e-01
31                                     1.5957069303562765e-01
32                                     1.4948224461198878e-01
33                                     2.1197964394693636e-01
34                                     2.0998269126490932e-01
35                                     1.6546487628715933e-01
36                                     2.4534436906037682e-01
   &Method [&Type "String"] "SCF"
   &Level [&Type "String"] "Relaxed density"
   &Mult [&Type "Integer"] 1
   &State [&Type "Integer"] -1
   &Irrep [&Type "Integer"] 0
$End
$SCF_Mayer_Population_Analysis
   &GeometryIndex 2
   &NAtoms [&Type "Integer"] 37 "Total number of atoms"
   &NBondOrdersPrint [&Type "Integer"] 39 "The number of bond orders larger than threshold"
   &bondThresh [&Type "Double"]       1.0000000000000001e-01  "The threshold for printing"
   &components [&Type "ArrayOfIntegers", &Dim (39,4)] "The indices and atomic numbers of the bonding atoms"
                                                         0                           1                           2                           3

0                                                        0                          15                           1                           8
1                                                        0                          15                           2                           8
2                                                        0                          15                           3                           8
3                                                        0                          15                           4                           8
4                                                        3                           8                          23                           1
5                                                        4                           8                           5                           6
6                                                        5                           6                           6                           6
7                                                        5                           6                          24                           1
8                                                        5                           6                          25                           1
9                                                        6                           6                           7                           8
10                                                       6                           6                           8                           6
11                                                       6                           6                          26                           1
12                                                       7                           8                          12                           6
13                                                       8                           6                           9                           8
14                                                       8                           6                          10                           6
15                                                       8                           6                          27                           1
16                                                       9                           8                          28                           1
17                                                      10                           6                          11                           8
18                                                      10                           6                          12                           6
19                                                      10                           6                          29                           1
20                                                      11                           8                          30                           1
21                                                      12                           6                          13                           7
22                                                      12                           6                          31                           1
23                                                      13                           7                          14                           6
24                                                      13                           7                          22                           6
25                                                      14                           6                          15                           7
26                                                      14                           6                          32                           1
27                                                      15                           7                          16                           6
28                                                      16                           6                          17                           6
29                                                      16                           6                          22                           6
30                                                      17                           6                          18                           7
31                                                      17                           6                          19                           7
32                                                      18                           7                          33                           1
33                                                      18                           7                          34                           1
34                                                      19                           7                          20                           6
35                                                      19                           7                          36                           1
36                                                      20                           6                          21                           7
37                                                      20                           6                          35                           1
38                                                      21                           7                          22                           6
   &BondOrders [&Type "ArrayOfDoubles", &Dim (39,1)] "The bond orders"
                                                         0

0                                      1.8587378329466235e+00
1                                      1.8981460318774608e+00
2                                      1.0828503543508439e+00
3                                      1.0468121293306889e+00
4                                      8.4577252608133757e-01
5                                      9.3237315522727593e-01
6                                      9.7386496712218629e-01
7                                      9.5199401598530886e-01
8                                      9.4984470076135197e-01
9                                      9.6108758458981114e-01
10                                     9.3224043398108591e-01
11                                     9.2566678440155536e-01
12                                     1.1039789803681326e+00
13                                     1.0364821648580003e+00
14                                     9.9875755218444928e-01
15                                     9.5449552602170429e-01
16                                     8.4896294264757155e-01
17                                     1.1162604109094978e+00
18                                     9.4715116475426853e-01
19                                     9.6604655967464814e-01
20                                     8.5560214944836244e-01
21                                     9.0919040914826499e-01
22                                     9.3342648003948081e-01
23                                     1.1804244197452090e+00
24                                     1.2001229176742116e+00
25                                     1.7023142895234173e+00
26                                     9.3529213348799356e-01
27                                     1.2991829719340440e+00
28                                     1.2604749727853271e+00
29                                     1.3679543176733879e+00
30                                     1.5118314164560895e+00
31                                     1.2671197375732177e+00
32                                     8.6730758883275050e-01
33                                     8.5791695172690507e-01
34                                     1.2322633991273979e+00
35                                     8.5605520534361523e-01
36                                     1.6813770890170137e+00
37                                     9.3220082259381809e-01
38                                     1.2419744417317562e+00
   &ATNO [&Type "ArrayOfIntegers", &Dim (37,1)] "Atomic number of the elements"
                                                         0

0                                                       15
1                                                        8
2                                                        8
3                                                        8
4                                                        8
5                                                        6
6                                                        6
7                                                        8
8                                                        6
9                                                        8
10                                                       6
11                                                       8
12                                                       6
13                                                       7
14                                                       6
15                                                       7
16                                                       6
17                                                       6
18                                                       7
19                                                       7
20                                                       6
21                                                       7
22                                                       6
23                                                       1
24                                                       1
25                                                       1
26                                                       1
27                                                       1
28                                                       1
29                                                       1
30                                                       1
31                                                       1
32                                                       1
33                                                       1
34                                                       1
35                                                       1
36                                                       1
   &NA [&Type "ArrayOfDoubles", &Dim (37,1)] "Mulliken gross atomic population"
                                                         0

0                                      1.4208935237767932e+01
1                                      8.7034253767341188e+00
2                                      8.7080062789117392e+00
3                                      8.5439700840474995e+00
4                                      8.3557119722354649e+00
5                                      6.1326606862118540e+00
6                                      5.8523199373940473e+00
7                                      8.3100961046178945e+00
8                                      5.9059916612881240e+00
9                                      8.4954877968414539e+00
10                                     6.0606595579744980e+00
11                                     8.4942711771562500e+00
12                                     5.9255116739451061e+00
13                                     6.9048072460281684e+00
14                                     6.0209302865318923e+00
15                                     7.2903923973317992e+00
16                                     5.9022261234371900e+00
17                                     5.9087485950601746e+00
18                                     7.3273267301282718e+00
19                                     7.1225431589443833e+00
20                                     5.9290906082594415e+00
21                                     7.2976345138269743e+00
22                                     5.8087718769670227e+00
23                                     6.3309240209612827e-01
24                                     8.7471697033919948e-01
25                                     8.6651415471326465e-01
26                                     8.9328204883076190e-01
27                                     8.6856530385767861e-01
28                                     6.5456323830433383e-01
29                                     8.4795948934972099e-01
30                                     6.2925767487165807e-01
31                                     8.8514643146281247e-01
32                                     7.9321562738425189e-01
33                                     6.8808327010512860e-01
34                                     6.8273788001916158e-01
35                                     7.8899691830573548e-01
36                                     6.8434950871913347e-01
   &ZA [&Type "ArrayOfDoubles", &Dim (37,1)] "Total nuclear charge"
                                                         0

0                                      1.5000000000000000e+01
1                                      8.0000000000000000e+00
2                                      8.0000000000000000e+00
3                                      8.0000000000000000e+00
4                                      8.0000000000000000e+00
5                                      6.0000000000000000e+00
6                                      6.0000000000000000e+00
7                                      8.0000000000000000e+00
8                                      6.0000000000000000e+00
9                                      8.0000000000000000e+00
10                                     6.0000000000000000e+00
11                                     8.0000000000000000e+00
12                                     6.0000000000000000e+00
13                                     7.0000000000000000e+00
14                                     6.0000000000000000e+00
15                                     7.0000000000000000e+00
16                                     6.0000000000000000e+00
17                                     6.0000000000000000e+00
18                                     7.0000000000000000e+00
19                                     7.0000000000000000e+00
20                                     6.0000000000000000e+00
21                                     7.0000000000000000e+00
22                                     6.0000000000000000e+00
23                                     1.0000000000000000e+00
24                                     1.0000000000000000e+00
25                                     1.0000000000000000e+00
26                                     1.0000000000000000e+00
27                                     1.0000000000000000e+00
28                                     1.0000000000000000e+00
29                                     1.0000000000000000e+00
30                                     1.0000000000000000e+00
31                                     1.0000000000000000e+00
32                                     1.0000000000000000e+00
33                                     1.0000000000000000e+00
34                                     1.0000000000000000e+00
35                                     1.0000000000000000e+00
36                                     1.0000000000000000e+00
   &QA [&Type "ArrayOfDoubles", &Dim (37,1)] "Mulliken gross atomic charge"
                                                         0

0                                      7.9106476223206812e-01
1                                     -7.0342537673411876e-01
2                                     -7.0800627891173917e-01
3                                     -5.4397008404749947e-01
4                                     -3.5571197223546491e-01
5                                     -1.3266068621185401e-01
6                                      1.4768006260595268e-01
7                                     -3.1009610461789450e-01
8                                      9.4008338711875972e-02
9                                     -4.9548779684145394e-01
10                                    -6.0659557974497957e-02
11                                    -4.9427117715625002e-01
12                                     7.4488326054893861e-02
13                                     9.5192753971831578e-02
14                                    -2.0930286531892328e-02
15                                    -2.9039239733179922e-01
16                                     9.7773876562810003e-02
17                                     9.1251404939825420e-02
18                                    -3.2732673012827185e-01
19                                    -1.2254315894438328e-01
20                                     7.0909391740558547e-02
21                                    -2.9763451382697426e-01
22                                     1.9122812303297732e-01
23                                     3.6690759790387173e-01
24                                     1.2528302966080052e-01
25                                     1.3348584528673535e-01
26                                     1.0671795116923810e-01
27                                     1.3143469614232139e-01
28                                     3.4543676169566617e-01
29                                     1.5204051065027901e-01
30                                     3.7074232512834193e-01
31                                     1.1485356853718753e-01
32                                     2.0678437261574811e-01
33                                     3.1191672989487140e-01
34                                     3.1726211998083842e-01
35                                     2.1100308169426452e-01
36                                     3.1565049128086653e-01
   &VA [&Type "ArrayOfDoubles", &Dim (37,1)] "Mayer's total valence"
                                                         0

0                                      5.9525866945895842e+00
1                                      1.8621489947941914e+00
2                                      1.8690985840066947e+00
3                                      1.9246900033070631e+00
4                                      1.9695608887476030e+00
5                                      3.9401513987268810e+00
6                                      3.8561201283671700e+00
7                                      2.0723183515498587e+00
8                                      3.9968984370032552e+00
9                                      1.9680859018050345e+00
10                                     4.2096140960490906e+00
11                                     1.9647331061731901e+00
12                                     3.9377716545724377e+00
13                                     3.3227007667966095e+00
14                                     4.0599813369274891e+00
15                                     3.1366283869009379e+00
16                                     3.9731594126577345e+00
17                                     4.3911620816508146e+00
18                                     3.3359850956027310e+00
19                                     3.4456017941832524e+00
20                                     4.0415785671416478e+00
21                                     3.0537878918157437e+00
22                                     4.0540879286619882e+00
23                                     8.8679197782272379e-01
24                                     9.8513684845401239e-01
25                                     9.7282276277410551e-01
26                                     9.8894258515377920e-01
27                                     9.6899271374022999e-01
28                                     9.1220841438978184e-01
29                                     9.6317349126231888e-01
30                                     8.7611383030706746e-01
31                                     1.0193552711079721e+00
32                                     9.7238916144218812e-01
33                                     9.1691110843224477e-01
34                                     9.0971452358809013e-01
35                                     9.4821097048546377e-01
36                                     9.0488423701762455e-01
   &BVA [&Type "ArrayOfDoubles", &Dim (37,1)] "Mayer's bonded valence"
                                                         0

0                                      5.9525866945896535e+00
1                                      1.8621489947942873e+00
2                                      1.8690985840067427e+00
3                                      1.9246900033070311e+00
4                                      1.9695608887474876e+00
5                                      3.9401513987268828e+00
6                                      3.8561201283671775e+00
7                                      2.0723183515499262e+00
8                                      3.9968984370033427e+00
9                                      1.9680859018050647e+00
10                                     4.2096140960492452e+00
11                                     1.9647331061732132e+00
12                                     3.9377716545727015e+00
13                                     3.3227007667966024e+00
14                                     4.0599813369274322e+00
15                                     3.1366283869007887e+00
16                                     3.9731594126576519e+00
17                                     4.3911620816509229e+00
18                                     3.3359850956028261e+00
19                                     3.4456017941832000e+00
20                                     4.0415785671416451e+00
21                                     3.0537878918158654e+00
22                                     4.0540879286619091e+00
23                                     8.8679197782271668e-01
24                                     9.8513684845401039e-01
25                                     9.7282276277410418e-01
26                                     9.8894258515377687e-01
27                                     9.6899271374023066e-01
28                                     9.1220841438978417e-01
29                                     9.6317349126232221e-01
30                                     8.7611383030707290e-01
31                                     1.0193552711080125e+00
32                                     9.7238916144218546e-01
33                                     9.1691110843225199e-01
34                                     9.0971452358808247e-01
35                                     9.4821097048546177e-01
36                                     9.0488423701761167e-01
   &FA [&Type "ArrayOfDoubles", &Dim (37,1)] "Mayer's free valence"
                                                         0

0                                      0.0000000000000000e+00
1                                      0.0000000000000000e+00
2                                      0.0000000000000000e+00
3                                      0.0000000000000000e+00
4                                      0.0000000000000000e+00
5                                      0.0000000000000000e+00
6                                      0.0000000000000000e+00
7                                      0.0000000000000000e+00
8                                      0.0000000000000000e+00
9                                      0.0000000000000000e+00
10                                     0.0000000000000000e+00
11                                     0.0000000000000000e+00
12                                     0.0000000000000000e+00
13                                     0.0000000000000000e+00
14                                     0.0000000000000000e+00
15                                     0.0000000000000000e+00
16                                     0.0000000000000000e+00
17                                     0.0000000000000000e+00
18                                     0.0000000000000000e+00
19                                     0.0000000000000000e+00
20                                     0.0000000000000000e+00
21                                     0.0000000000000000e+00
22                                     0.0000000000000000e+00
23                                     0.0000000000000000e+00
24                                     0.0000000000000000e+00
25                                     0.0000000000000000e+00
26                                     0.0000000000000000e+00
27                                     0.0000000000000000e+00
28                                     0.0000000000000000e+00
29                                     0.0000000000000000e+00
30                                     0.0000000000000000e+00
31                                     0.0000000000000000e+00
32                                     0.0000000000000000e+00
33                                     0.0000000000000000e+00
34                                     0.0000000000000000e+00
35                                     0.0000000000000000e+00
36                                     0.0000000000000000e+00
   &Method [&Type "String"] "SCF"
   &Level [&Type "String"] "Relaxed density"
   &Mult [&Type "Integer"] 1
   &State [&Type "Integer"] -1
   &Irrep [&Type "Integer"] 0
$End
$SCF_Energy
   &GeometryIndex 2
   &Method [&Type "String"] "SCF"
   &totalEnergy [&Type "ArrayOfDoubles", &Dim (1,1)] "Total energy of each state"
                                                         0

0                                     -1.5304293395160907e+03
   &Mult [&Type "ArrayOfIntegers", &Dim (1,1)] "Multiplicity of each state"
                                                         0

0                                                        1
$End
$DFT_Energy
   &GeometryIndex 2
   &nAlphaEl [&Type "Integer"] 89
   &nBetaEl [&Type "Integer"] 89
   &nTotalEl [&Type "Integer"] 179
   &finalEn [&Type "Double"]      -1.5304293395160907e+03  "No Van der Waals correction"
   &eExchange [&Type "Double"]      -1.2773360320339340e+02
   &eCorr [&Type "Double"]      -6.2567339392660362e+00
   &eXC [&Type "Double"]      -1.3399033714265943e+02
   &eCNL [&Type "Double"]       0.0000000000000000e+00
$End
$Solvation_Details
   &GeometryIndex 2
   &Solvent [&Type "String"] "WATER"
   &Epsilon [&Type "Double"]       8.0150999999999996e+01
   &Refrac [&Type "Double"]       1.3328000000000000e+00
   &RSolv [&Type "Double"]       1.3000000000000000e+00
   &SurfaceType [&Type "String"] "GAUSSIAN VDW"
   &CPCMDielEnergy [&Type "Double"]      -1.6489130299999999e-01
   &NPoints [&Type "Integer"] 3083
   &SurfaceArea [&Type "Double"]       1.2054866129740001e+03
$End
$SCF_Timings
   &GeometryIndex 2
   &TOTAL [&Type "Double"]       5.6853224999999995e+01
   &PREP [&Type "Double"]       9.1241699999999992e-01
   &FOCK [&Type "Double"]       5.0539313000000000e+01
   &DENS [&Type "Double"]       9.0868999999997868e-02
   &ETOT [&Type "Double"]       6.0204999999999842e-02
   &POP [&Type "Double"]       1.6710099999999528e-01
   &TRAFO [&Type "Double"]       1.8336899999999901e-01
   &DIIS [&Type "Double"]       4.2541899999999977e-01
   &SOSCF [&Type "Double"]       1.0353010000000022e+00
   &XC [&Type "Double"]       3.8319089999999978e+00
   &FOCKSTART [&Type "Double"]       2.6355000000003681e-02
   &SOLV [&Type "Double"]       3.8430459999999975e+00
   &SOLV_INIT [&Type "Double"]       2.9595399999999994e-01
   &INT_PREP [&Type "Double"]       1.0000000010279564e-06
   &INT_BF [&Type "Double"]       7.5758799999985627e-01
   &INT_DENS [&Type "Double"]       1.2307080000001012e+00
   &INT_DENSIO [&Type "Double"]       4.8816180377000099e+04
   &INT_FUNC [&Type "Double"]       4.4238999999979711e-02
   &INT_POT [&Type "Double"]       1.1287120000000979e+00
   &INT_POTIO [&Type "Double"]       6.6109999998502644e-03
   &INT_SUM [&Type "Double"]       3.6599999999609167e-04
   &SPLITRIJ [&Type "Double"]       2.9755799999999972e+00
   &COSX [&Type "Double"]       4.4108359000000007e+01
$End
$VdW_Correction
   &GeometryIndex 2
   &vdW [&Type "Double"]      -4.1726376897825053e-02
$End
$Single_Point_Data
   &GeometryIndex 2
   &FinalEnergy [&Type "Double"]      -1.5304710658929885e+03  "Final single point energy"
   &Converged [&Type "Boolean"] true
$End
$SCF_Dipole_Moment
   &GeometryIndex 2
   &dipoleMagnitude [&Type "Double", &Units "a.u."]       1.6811778037463998e+01
   &dipoleElecContrib [&Type "ArrayOfDoubles", &Dim (3,1)] "Electronic contribution"
                                                         0

0                                      3.2270375733285315e+00
1                                     -7.2922310600855074e+00
2                                      2.7473362571269089e+00
   &dipoleNucContrib [&Type "ArrayOfDoubles", &Dim (3,1)] "Nuclear contribution"
                                                         0

0                                      1.3473838212194877e+01
1                                      8.9163848615974022e+00
2                                     -3.7859667046438403e+00
   &dipoleTotal [&Type "ArrayOfDoubles", &Dim (3,1)] "Total"
                                                         0

0                                      1.6700875785523408e+01
1                                      1.6241538015118948e+00
2                                     -1.0386304475169315e+00
   &doAtomicDipole [&Type "Boolean"] false
   &Method [&Type "String"] "SCF"
   &Level [&Type "String"] "Relaxed density"
   &Mult [&Type "Integer"] 1
   &State [&Type "Integer"] -1
   &Irrep [&Type "Integer"] 0
$End
$Calculation_Info
   &GeometryIndex 2
   &Mult [&Type "Integer"] 1
   &Charge [&Type "Integer"] 0
   &NumOfAtoms [&Type "Integer"] 37
   &NumOfElectrons [&Type "Integer"] 180
   &NumOfBasisFuncts [&Type "Integer"] 803
   &NumOfAuxCBasisFuncts [&Type "Integer"] 0
   &NumOfAuxJBasisFuncts [&Type "Integer"] 1283
   &NumOfAuxJKBasisFuncts [&Type "Integer"] 0
   &NumOfCABSBasisFuncts [&Type "Integer"] 0
$End
$Calculation_Timings
   &GeometryIndex 2
   &GTOINT [&Type "Double"]       7.3286090000000002e+00
   &SCF [&Type "Double"]       1.7600401799999997e+02
   &SCFGRAD [&Type "Double"]       4.6092025000000007e+01
   &GSTEP [&Type "Double"]       1.4230000000001325e-02
   &PROP [&Type "Double"]       7.4399399999998650e-01
   &SUM [&Type "Double"]       2.3018287599999996e+02
$End
