*************************************************
******************* ORCA 6.1.1 ******************
*************************************************
$Calculation_Status
   &GeometryIndex 2
   &version [&Type "String"] "6.1.1"
   &progName [&Type "String"] "LeanSCF"
   &Status [&Type "String"] "NORMAL TERMINATION"
$End
$Geometry
   &GeometryIndex 1
   &NAtoms [&Type "Integer"] 33
   &NCorelessECP [&Type "Integer"] 0
   &NGhostAtoms [&Type "Integer"] 0
   &CartesianCoordinates [&Type "Coordinates", &Dim(33,4), &Units "Bohr"] 
              N     -4.158107246963    0.413724746083   -0.511591949728
              C     -6.701290698289    0.773050170952   -0.945050807407
              N     -8.249769571108   -0.958613974909    0.187285999731
              C     -7.550576890044   -2.989837070933    1.694052215571
              C     -4.865215132817   -3.222215137527    2.028513058181
              C     -3.306943693218   -1.541504876784    0.923283748663
              O     -7.498110450277    2.506281384471   -2.234034241334
              O     -9.168084229799   -4.377869365585    2.585394955019
              C     -2.445747089372    2.246688515280   -1.736509345201
              C     -2.395043812795    4.802548413744   -0.369781398046
              C     -0.092748274023    4.463963466722    1.343311620656
              C      1.665684981301    2.918702581113   -0.319885207867
              O      1.103349997458    6.680523602264    2.142165806411
              O      0.015136681013    1.301591866479   -1.730128132535
              C      3.544513497640    1.383570508801    1.148731703813
              O      5.172713392081    0.109941733834   -0.546538054589
              P      7.206403581984   -1.885189586025    0.601573676118
              O      8.492128822093   -0.755375116618    2.832952040824
              O      5.407382050972   -4.104995527914    1.718293567168
              O      8.651137913459   -2.827201491430   -1.618625005721
              H    -10.121468290719   -0.707295077079   -0.112863765627
              H     -4.129801542564   -4.757813411633    3.152448887194
              H     -1.275579443224   -1.664940540206    1.090890694023
              H     -3.126214946041    2.474040554200   -3.669974368560
              H     -0.674129024149    3.304459453182    2.963074592777
              H      2.660698042679    4.174411296460   -1.632621347272
              H      0.113569151397    7.428087581533    3.472522863000
              H      4.623121770665    2.663621394585    2.365352035841
              H      2.549221774106    0.028263313006    2.357423445982
              H      4.689032509535   -5.109601995111    0.379120606816
              O     -1.911153257334    6.768694002747   -2.083849710967
              H     -4.133195167242    5.129728835128    0.695919648744
              H     -3.408958127558    7.023685866484   -3.085675984474
$End
$SCF_Mulliken_Population_Analysis
   &GeometryIndex 1
   &NAtoms [&Type "Integer"] 33
   &ATNO [&Type "ArrayOfIntegers", &Dim (33,1)] 
                                                         0

0                                                        7
1                                                        6
2                                                        7
3                                                        6
4                                                        6
5                                                        6
6                                                        8
7                                                        8
8                                                        6
9                                                        6
10                                                       6
11                                                       6
12                                                       8
13                                                       8
14                                                       6
15                                                       8
16                                                      15
17                                                       8
18                                                       8
19                                                       8
20                                                       1
21                                                       1
22                                                       1
23                                                       1
24                                                       1
25                                                       1
26                                                       1
27                                                       1
28                                                       1
29                                                       1
30                                                       8
31                                                       1
32                                                       1
   &AtomicCharges [&Type "ArrayOfDoubles", &Dim (33,1)] 
                                                         0

0                                      3.9811283135783526e-02
1                                      2.9467786863303402e-01
2                                     -1.9549764483553123e-01
3                                      2.6532007482289099e-01
4                                     -2.7208250098410058e-01
5                                     -5.9726844008537228e-02
6                                     -4.3790403248724630e-01
7                                     -4.4587572919007812e-01
8                                      6.0808864466108226e-02
9                                      7.9049678682698854e-03
10                                     9.5682344709082656e-02
11                                     9.1642139334804362e-02
12                                    -4.8940418175962108e-01
13                                    -3.1802621721141655e-01
14                                    -9.6047442862808197e-02
15                                    -3.5290960629499324e-01
16                                     7.9241647891992351e-01
17                                    -7.0831943208204962e-01
18                                    -5.4662015611399717e-01
19                                    -7.0761172909890035e-01
20                                     2.7879904307397818e-01
21                                     1.7666460624819380e-01
22                                     1.8893830377404397e-01
23                                     1.4620962159617901e-01
24                                     1.1713562512944531e-01
25                                     9.3873723846331747e-02
26                                     3.5865057542756029e-01
27                                     1.2181825663123080e-01
28                                     1.2117049108509459e-01
29                                     3.6362659167631273e-01
30                                    -4.8030392594093563e-01
31                                     1.3742337027391571e-01
32                                     3.5775521221813045e-01
   &Method [&Type "String"] "SCF"
   &Level [&Type "String"] "Relaxed density"
   &Mult [&Type "Integer"] 1
   &State [&Type "Integer"] -1
   &Irrep [&Type "Integer"] 0
$End
$SCF_Loewdin_Population_Analysis
   &GeometryIndex 1
   &NAtoms [&Type "Integer"] 33
   &ATNO [&Type "ArrayOfIntegers", &Dim (33,1)] 
                                                         0

0                                                        7
1                                                        6
2                                                        7
3                                                        6
4                                                        6
5                                                        6
6                                                        8
7                                                        8
8                                                        6
9                                                        6
10                                                       6
11                                                       6
12                                                       8
13                                                       8
14                                                       6
15                                                       8
16                                                      15
17                                                       8
18                                                       8
19                                                       8
20                                                       1
21                                                       1
22                                                       1
23                                                       1
24                                                       1
25                                                       1
26                                                       1
27                                                       1
28                                                       1
29                                                       1
30                                                       8
31                                                       1
32                                                       1
   &AtomicCharges [&Type "ArrayOfDoubles", &Dim (33,1)] 
                                                         0

0                                      2.7333102496883122e-01
1                                     -4.7644726741025423e-01
2                                      2.2942897272205975e-01
3                                     -4.3647740398154511e-01
4                                     -1.5789471375269759e-01
5                                     -1.2961122187198448e-01
6                                      3.3901981553614569e-02
7                                      1.3875984615669523e-02
8                                     -2.8630095114897358e-01
9                                     -3.2322945358530220e-01
10                                    -3.2018905743874271e-01
11                                    -2.9350607068455936e-01
12                                     8.5900305749690986e-03
13                                     2.2727813252610130e-01
14                                    -3.2889751371726561e-01
15                                     3.2619153835238279e-02
16                                    -1.0177481038167890e-01
17                                    -4.0024623545876281e-01
18                                    -1.7997453170048949e-01
19                                    -4.0740487716617224e-01
20                                     2.2291787465165691e-01
21                                     1.6504945505022151e-01
22                                     1.6678725710004083e-01
23                                     1.5758764487021459e-01
24                                     1.5995115053247511e-01
25                                     1.5364994294633016e-01
26                                     1.9747214857427686e-01
27                                     1.3545476301171344e-01
28                                     1.2957026907611646e-01
29                                     1.8240835320097737e-01
30                                     5.7766931874896343e-03
31                                     1.5073024531737156e-01
32                                     1.9557302998314918e-01
   &Method [&Type "String"] "SCF"
   &Level [&Type "String"] "Relaxed density"
   &Mult [&Type "Integer"] 1
   &State [&Type "Integer"] -1
   &Irrep [&Type "Integer"] 0
$End
$SCF_Mayer_Population_Analysis
   &GeometryIndex 1
   &NAtoms [&Type "Integer"] 33 "Total number of atoms"
   &NBondOrdersPrint [&Type "Integer"] 34 "The number of bond orders larger than threshold"
   &bondThresh [&Type "Double"]       1.0000000000000001e-01  "The threshold for printing"
   &components [&Type "ArrayOfIntegers", &Dim (34,4)] "The indices and atomic numbers of the bonding atoms"
                                                         0                           1                           2                           3

0                                                        0                           7                           1                           6
1                                                        0                           7                           5                           6
2                                                        0                           7                           8                           6
3                                                        1                           6                           2                           7
4                                                        1                           6                           6                           8
5                                                        2                           7                           3                           6
6                                                        2                           7                          20                           1
7                                                        3                           6                           4                           6
8                                                        3                           6                           7                           8
9                                                        4                           6                           5                           6
10                                                       4                           6                          21                           1
11                                                       5                           6                          22                           1
12                                                       8                           6                           9                           6
13                                                       8                           6                          13                           8
14                                                       8                           6                          23                           1
15                                                       9                           6                          10                           6
16                                                       9                           6                          30                           8
17                                                       9                           6                          31                           1
18                                                      10                           6                          11                           6
19                                                      10                           6                          12                           8
20                                                      10                           6                          24                           1
21                                                      11                           6                          13                           8
22                                                      11                           6                          14                           6
23                                                      11                           6                          25                           1
24                                                      12                           8                          26                           1
25                                                      14                           6                          15                           8
26                                                      14                           6                          27                           1
27                                                      14                           6                          28                           1
28                                                      15                           8                          16                          15
29                                                      16                          15                          17                           8
30                                                      16                          15                          18                           8
31                                                      16                          15                          19                           8
32                                                      18                           8                          29                           1
33                                                      30                           8                          32                           1
   &BondOrders [&Type "ArrayOfDoubles", &Dim (34,1)] "The bond orders"
                                                         0

0                                      1.1330404308960744e+00
1                                      1.1826002711173857e+00
2                                      8.7293837585164957e-01
3                                      1.2148160104904786e+00
4                                      1.9611635445602185e+00
5                                      1.1098060846318272e+00
6                                      8.6271778682531375e-01
7                                      1.1300959833417947e+00
8                                      1.9909178805274537e+00
9                                      1.6445768042125746e+00
10                                     9.5104276545565714e-01
11                                     9.3079775902929007e-01
12                                     9.5016670264534908e-01
13                                     1.0644324724790457e+00
14                                     9.3378747387493877e-01
15                                     9.3049320861107021e-01
16                                     1.1578709216744294e+00
17                                     9.8889505672768652e-01
18                                     9.7395977603227990e-01
19                                     1.0800573455797406e+00
20                                     9.4357497423353442e-01
21                                     9.5193798452148604e-01
22                                     9.9823477092735502e-01
23                                     9.3688794376170070e-01
24                                     8.6301826454395969e-01
25                                     9.5791834691781752e-01
26                                     9.6142212063008514e-01
27                                     9.4276065131973374e-01
28                                     1.0461166100984327e+00
29                                     1.8519694851312172e+00
30                                     1.0951243192724940e+00
31                                     1.8984824200678969e+00
32                                     8.4929453811232125e-01
33                                     8.6145921829521543e-01
   &ATNO [&Type "ArrayOfIntegers", &Dim (33,1)] "Atomic number of the elements"
                                                         0

0                                                        7
1                                                        6
2                                                        7
3                                                        6
4                                                        6
5                                                        6
6                                                        8
7                                                        8
8                                                        6
9                                                        6
10                                                       6
11                                                       6
12                                                       8
13                                                       8
14                                                       6
15                                                       8
16                                                      15
17                                                       8
18                                                       8
19                                                       8
20                                                       1
21                                                       1
22                                                       1
23                                                       1
24                                                       1
25                                                       1
26                                                       1
27                                                       1
28                                                       1
29                                                       1
30                                                       8
31                                                       1
32                                                       1
   &NA [&Type "ArrayOfDoubles", &Dim (33,1)] "Mulliken gross atomic population"
                                                         0

0                                      6.9601887168642138e+00
1                                      5.7053221313669660e+00
2                                      7.1954976448355250e+00
3                                      5.7346799251771108e+00
4                                      6.2720825009841050e+00
5                                      6.0597268440085443e+00
6                                      8.4379040324872392e+00
7                                      8.4458757291900852e+00
8                                      5.9391911355338927e+00
9                                      5.9920950321317275e+00
10                                     5.9043176552909280e+00
11                                     5.9083578606651947e+00
12                                     8.4894041817596282e+00
13                                     8.3180262172114112e+00
14                                     6.0960474428628029e+00
15                                     8.3529096062949968e+00
16                                     1.4207583521080078e+01
17                                     8.7083194320820549e+00
18                                     8.5466201561140025e+00
19                                     8.7076117290988968e+00
20                                     7.2120095692602137e-01
21                                     8.2333539375180598e-01
22                                     8.1106169622595625e-01
23                                     8.5379037840382155e-01
24                                     8.8286437487055514e-01
25                                     9.0612627615366836e-01
26                                     6.4134942457243982e-01
27                                     8.7818174336876975e-01
28                                     8.7882950891490519e-01
29                                     6.3637340832368727e-01
30                                     8.4803039259409374e+00
31                                     8.6257662972608429e-01
32                                     6.4224478778186889e-01
   &ZA [&Type "ArrayOfDoubles", &Dim (33,1)] "Total nuclear charge"
                                                         0

0                                      7.0000000000000000e+00
1                                      6.0000000000000000e+00
2                                      7.0000000000000000e+00
3                                      6.0000000000000000e+00
4                                      6.0000000000000000e+00
5                                      6.0000000000000000e+00
6                                      8.0000000000000000e+00
7                                      8.0000000000000000e+00
8                                      6.0000000000000000e+00
9                                      6.0000000000000000e+00
10                                     6.0000000000000000e+00
11                                     6.0000000000000000e+00
12                                     8.0000000000000000e+00
13                                     8.0000000000000000e+00
14                                     6.0000000000000000e+00
15                                     8.0000000000000000e+00
16                                     1.5000000000000000e+01
17                                     8.0000000000000000e+00
18                                     8.0000000000000000e+00
19                                     8.0000000000000000e+00
20                                     1.0000000000000000e+00
21                                     1.0000000000000000e+00
22                                     1.0000000000000000e+00
23                                     1.0000000000000000e+00
24                                     1.0000000000000000e+00
25                                     1.0000000000000000e+00
26                                     1.0000000000000000e+00
27                                     1.0000000000000000e+00
28                                     1.0000000000000000e+00
29                                     1.0000000000000000e+00
30                                     8.0000000000000000e+00
31                                     1.0000000000000000e+00
32                                     1.0000000000000000e+00
   &QA [&Type "ArrayOfDoubles", &Dim (33,1)] "Mulliken gross atomic charge"
                                                         0

0                                      3.9811283135786191e-02
1                                      2.9467786863303402e-01
2                                     -1.9549764483552501e-01
3                                      2.6532007482288922e-01
4                                     -2.7208250098410502e-01
5                                     -5.9726844008544333e-02
6                                     -4.3790403248723919e-01
7                                     -4.4587572919008522e-01
8                                      6.0808864466107337e-02
9                                      7.9049678682725499e-03
10                                     9.5682344709071998e-02
11                                     9.1642139334805250e-02
12                                    -4.8940418175962819e-01
13                                    -3.1802621721141122e-01
14                                    -9.6047442862802868e-02
15                                    -3.5290960629499679e-01
16                                     7.9241647891992173e-01
17                                    -7.0831943208205494e-01
18                                    -5.4662015611400250e-01
19                                    -7.0761172909889680e-01
20                                     2.7879904307397863e-01
21                                     1.7666460624819402e-01
22                                     1.8893830377404375e-01
23                                     1.4620962159617845e-01
24                                     1.1713562512944486e-01
25                                     9.3873723846331636e-02
26                                     3.5865057542756018e-01
27                                     1.2181825663123025e-01
28                                     1.2117049108509481e-01
29                                     3.6362659167631273e-01
30                                    -4.8030392594093740e-01
31                                     1.3742337027391571e-01
32                                     3.5775521221813111e-01
   &VA [&Type "ArrayOfDoubles", &Dim (33,1)] "Mayer's total valence"
                                                         0

0                                      3.2313588723546367e+00
1                                      4.4387944667815056e+00
2                                      3.1813142620351851e+00
3                                      4.3740355871850776e+00
4                                      3.7683563538507183e+00
5                                      4.0198851218336031e+00
6                                      2.0897836136809982e+00
7                                      2.0802156921739972e+00
8                                      3.9728641529819448e+00
9                                      4.0790037540196789e+00
10                                     3.9967189421469405e+00
11                                     3.8930952661627720e+00
12                                     1.9650676919100807e+00
13                                     2.0565825301520988e+00
14                                     3.9215949232516918e+00
15                                     1.9720048424180820e+00
16                                     5.9548064654094830e+00
17                                     1.8573202904196418e+00
18                                     1.9192216117425769e+00
19                                     1.8631036740358962e+00
20                                     9.4839760545296325e-01
21                                     9.6820994357411083e-01
22                                     9.6711693500956375e-01
23                                     9.7761100837309478e-01
24                                     9.7261174498942293e-01
25                                     1.0067788693558746e+00
26                                     8.8473815971645819e-01
27                                     9.9883394637358314e-01
28                                     9.6915426017823603e-01
29                                     8.8880851548397555e-01
30                                     2.0016836779220846e+00
31                                     9.6546893708123582e-01
32                                     8.8692230738066180e-01
   &BVA [&Type "ArrayOfDoubles", &Dim (33,1)] "Mayer's bonded valence"
                                                         0

0                                      3.2313588723546012e+00
1                                      4.4387944667815171e+00
2                                      3.1813142620351682e+00
3                                      4.3740355871849559e+00
4                                      3.7683563538504790e+00
5                                      4.0198851218335241e+00
6                                      2.0897836136809858e+00
7                                      2.0802156921739794e+00
8                                      3.9728641529820896e+00
9                                      4.0790037540197854e+00
10                                     3.9967189421469103e+00
11                                     3.8930952661627631e+00
12                                     1.9650676919101677e+00
13                                     2.0565825301520633e+00
14                                     3.9215949232517597e+00
15                                     1.9720048424180483e+00
16                                     5.9548064654094457e+00
17                                     1.8573202904196009e+00
18                                     1.9192216117424952e+00
19                                     1.8631036740359370e+00
20                                     9.4839760545295604e-01
21                                     9.6820994357408985e-01
22                                     9.6711693500954576e-01
23                                     9.7761100837314585e-01
24                                     9.7261174498941183e-01
25                                     1.0067788693558608e+00
26                                     8.8473815971645786e-01
27                                     9.9883394637357037e-01
28                                     9.6915426017825190e-01
29                                     8.8880851548396889e-01
30                                     2.0016836779221414e+00
31                                     9.6546893708127768e-01
32                                     8.8692230738065758e-01
   &FA [&Type "ArrayOfDoubles", &Dim (33,1)] "Mayer's free valence"
                                                         0

0                                      0.0000000000000000e+00
1                                      0.0000000000000000e+00
2                                      0.0000000000000000e+00
3                                      0.0000000000000000e+00
4                                      0.0000000000000000e+00
5                                      0.0000000000000000e+00
6                                      0.0000000000000000e+00
7                                      0.0000000000000000e+00
8                                      0.0000000000000000e+00
9                                      0.0000000000000000e+00
10                                     0.0000000000000000e+00
11                                     0.0000000000000000e+00
12                                     0.0000000000000000e+00
13                                     0.0000000000000000e+00
14                                     0.0000000000000000e+00
15                                     0.0000000000000000e+00
16                                     0.0000000000000000e+00
17                                     0.0000000000000000e+00
18                                     0.0000000000000000e+00
19                                     0.0000000000000000e+00
20                                     0.0000000000000000e+00
21                                     0.0000000000000000e+00
22                                     0.0000000000000000e+00
23                                     0.0000000000000000e+00
24                                     0.0000000000000000e+00
25                                     0.0000000000000000e+00
26                                     0.0000000000000000e+00
27                                     0.0000000000000000e+00
28                                     0.0000000000000000e+00
29                                     0.0000000000000000e+00
30                                     0.0000000000000000e+00
31                                     0.0000000000000000e+00
32                                     0.0000000000000000e+00
   &Method [&Type "String"] "SCF"
   &Level [&Type "String"] "Relaxed density"
   &Mult [&Type "Integer"] 1
   &State [&Type "Integer"] -1
   &Irrep [&Type "Integer"] 0
$End
$SCF_Energy
   &GeometryIndex 1
   &Method [&Type "String"] "SCF"
   &totalEnergy [&Type "ArrayOfDoubles", &Dim (1,1)] "Total energy of each state"
                                                         0

0                                     -1.4775267983034782e+03
   &Mult [&Type "ArrayOfIntegers", &Dim (1,1)] "Multiplicity of each state"
                                                         0

0                                                        1
$End
$DFT_Energy
   &GeometryIndex 1
   &nAlphaEl [&Type "Integer"] 84
   &nBetaEl [&Type "Integer"] 84
   &nTotalEl [&Type "Integer"] 168
   &finalEn [&Type "Double"]      -1.4775267983034782e+03  "No Van der Waals correction"
   &eExchange [&Type "Double"]      -1.2097248783839049e+02
   &eCorr [&Type "Double"]      -5.8395270561155437e+00
   &eXC [&Type "Double"]      -1.2681201489450604e+02
   &eCNL [&Type "Double"]       0.0000000000000000e+00
$End
$Solvation_Details
   &GeometryIndex 1
   &Solvent [&Type "String"] "WATER"
   &Epsilon [&Type "Double"]       8.0150999999999996e+01
   &Refrac [&Type "Double"]       1.3328000000000000e+00
   &RSolv [&Type "Double"]       1.3000000000000000e+00
   &SurfaceType [&Type "String"] "GAUSSIAN VDW"
   &CPCMDielEnergy [&Type "Double"]      -1.4586005599999999e-01
   &NPoints [&Type "Integer"] 2775
   &SurfaceArea [&Type "Double"]       1.1382675962310000e+03
$End
$SCF_Timings
   &GeometryIndex 1
   &TOTAL [&Type "Double"]       8.5615221000000005e+01
   &PREP [&Type "Double"]       7.7568499999999996e-01
   &FOCK [&Type "Double"]       7.7987185000000011e+01
   &DENS [&Type "Double"]       2.2415000000000873e-01
   &ETOT [&Type "Double"]       1.2305000000000454e-01
   &POP [&Type "Double"]       2.0522900000000277e-01
   &TRAFO [&Type "Double"]       5.9857899999999553e-01
   &DIIS [&Type "Double"]       2.1273100000000049e+00
   &SOSCF [&Type "Double"]       1.0922010000000064e+00
   &XC [&Type "Double"]       8.6008950000000155e+00
   &FOCKSTART [&Type "Double"]       3.9064000000001209e-02
   &SOLV [&Type "Double"]       8.2763170000000201e+00
   &SOLV_INIT [&Type "Double"]       1.6960799999999998e-01
   &INT_PREP [&Type "Double"]       3.9999999934536845e-06
   &INT_BF [&Type "Double"]       1.5521700000001113e+00
   &INT_DENS [&Type "Double"]       2.3340800000000321e+00
   &INT_DENSIO [&Type "Double"]       1.6978045525400026e+05
   &INT_FUNC [&Type "Double"]       9.5637999999766521e-02
   &INT_POT [&Type "Double"]       2.2040680000003112e+00
   &INT_POTIO [&Type "Double"]       1.6763000000194594e-02
   &INT_SUM [&Type "Double"]       1.4570000000304617e-03
   &SPLITRIJ [&Type "Double"]       6.1949310000000022e+00
   &COSX [&Type "Double"]       5.8178240000000002e+01
$End
$VdW_Correction
   &GeometryIndex 1
   &vdW [&Type "Double"]      -3.6493302074870518e-02
$End
$Single_Point_Data
   &GeometryIndex 1
   &FinalEnergy [&Type "Double"]      -1.4775632916055531e+03  "Final single point energy"
   &Converged [&Type "Boolean"] true
$End
$SCF_Nuc_Gradient
   &GeometryIndex 1
   &NAtoms [&Type "Integer"] 33
   &gradNorm [&Type "Double"]       1.7732861685737159e-04
   &grad [&Type "ArrayOfDoubles", &Dim (99,1)] 
                                                         0

0                                      1.5707477049774416e-06
1                                      6.2363527228966389e-06
2                                     -7.0447491854940604e-06
3                                      1.3626330438945556e-05
4                                      7.5721429018996654e-06
5                                      4.3770236376800453e-06
6                                     -5.7048036699729491e-06
7                                      2.3476656595617832e-06
8                                      1.0690640338902366e-06
9                                     -3.1990324158693808e-06
10                                    -2.1909175913145673e-06
11                                    -1.0536360003255338e-05
12                                     1.9156186846132253e-05
13                                    -8.4775452811140513e-06
14                                    -3.6821417353112280e-06
15                                    -2.5645205945711415e-05
16                                     1.2770054879441867e-05
17                                    -7.2191719054357412e-06
18                                     2.6928394418738620e-06
19                                     1.2694533323672711e-05
20                                     4.0323000793058910e-06
21                                    -8.7387968746426036e-07
22                                    -1.1708623736094706e-06
23                                    -1.6463617183537372e-05
24                                    -9.0622617754568773e-06
25                                    -1.8014450393756552e-05
26                                     2.6588353115811328e-05
27                                    -6.6166159754913836e-06
28                                     6.1373834748867993e-06
29                                     2.7960388870936859e-05
30                                    -4.9047788220422776e-06
31                                     7.8916626642652537e-06
32                                    -7.2787929267454970e-06
33                                     4.1748322592371578e-05
34                                    -2.1924220795767997e-05
35                                     2.0200201998631231e-05
36                                     1.0067421156757523e-05
37                                    -3.1903356370643942e-06
38                                     1.5345605931528907e-05
39                                    -8.5293632445886363e-06
40                                     3.0991845767934436e-05
41                                    -4.1788720594771421e-05
42                                    -5.5778122083215858e-06
43                                     2.3701733978908266e-05
44                                     4.4282814064607601e-05
45                                    -4.5224248449623490e-05
46                                    -2.2237767394205741e-06
47                                    -4.5475704078760220e-05
48                                     2.2834374493007682e-05
49                                    -2.2429899486000194e-05
50                                     4.5386505893763298e-05
51                                     2.2091659604585973e-06
52                                    -4.6542438499156998e-06
53                                     1.4721966277080008e-06
54                                     1.9156368738321538e-05
55                                     1.5097806193920454e-05
56                                    -7.2263647925322914e-05
57                                     3.8935483993602499e-06
58                                    -7.2390961846894344e-06
59                                    -2.4405200231368250e-05
60                                     1.4339393911365589e-06
61                                     2.5401224863842989e-07
62                                     1.3618261610202947e-06
63                                    -3.9930685541802977e-06
64                                    -7.7035774707885174e-06
65                                    -1.5232334117614997e-05
66                                     2.5745346292824878e-06
67                                    -7.6379721207195969e-06
68                                    -1.1266995465149897e-06
69                                    -2.1867450642269783e-06
70                                     1.3670327199328039e-05
71                                     1.0147525775219894e-05
72                                    -2.4349809483765886e-06
73                                    -1.3820322648637977e-05
74                                     1.8008791181284897e-06
75                                    -2.0884759617579367e-05
76                                     1.6896144818943793e-05
77                                     5.3759331736063354e-06
78                                    -1.6395186970520244e-06
79                                    -4.6329212467343262e-06
80                                     1.4836716114287123e-05
81                                     7.0951158805553809e-07
82                                    -5.0075350762878579e-06
83                                    -6.8241620859588864e-06
84                                     3.9658437688854160e-07
85                                    -2.0657105395739346e-05
86                                    -1.9466064851874325e-05
87                                    -1.8083545105241418e-05
88                                    -1.3778442047965956e-05
89                                     3.6952034815499396e-06
90                                     2.5722905087206675e-05
91                                     2.2779553143720613e-06
92                                     1.7811458557274247e-05
93                                     1.4876624306900892e-06
94                                    -5.4677947540162806e-06
95                                     1.4650362534321272e-05
96                                    -4.7198735347718675e-06
97                                     1.1681428257192199e-05
98                                     1.8413014532430558e-05
   &Method [&Type "String"] "SCF"
   &Level [&Type "String"] "Relaxed density"
   &Mult [&Type "Integer"] 1
   &State [&Type "Integer"] 0
   &Irrep [&Type "Integer"] 0
$End
$Geometry
   &GeometryIndex 2
   &NAtoms [&Type "Integer"] 33
   &NCorelessECP [&Type "Integer"] 0
   &NGhostAtoms [&Type "Integer"] 0
   &CartesianCoordinates [&Type "Coordinates", &Dim(33,4), &Units "Bohr"] 
              N     -4.158172398762    0.413521734103   -0.511738668440
              C     -6.701362105407    0.773244449436   -0.944984499718
              N     -8.250001248439   -0.958236980164    0.187392976822
              C     -7.550981120293   -2.989670856272    1.693962652755
              C     -4.865617560464   -3.222606381937    2.027970445001
              C     -3.307157692243   -1.542059215430    0.922747649450
              O     -7.498063571715    2.506762311563   -2.233650572612
              O     -9.168614011437   -4.377424197572    2.585519955962
              C     -2.445558083624    2.246398491114   -1.736476719319
              C     -2.395072431585    4.802316882934   -0.369821765650
              C     -0.092769369155    4.463977200940    1.343419427298
              C      1.665732812123    2.918641058187   -0.319620630791
              O      1.103232344962    6.680629093062    2.142128060806
              O      0.015275573911    1.301134819431   -1.729469606734
              C      3.544849811673    1.383856248058    1.149016545268
              O      5.173069198865    0.110377834228   -0.546311672810
              P      7.206680665863   -1.885001828374    0.601361265501
              O      8.493286133845   -0.755214860594    2.832235196204
              O      5.407641815771   -4.104434379606    1.718866573938
              O      8.650594375946   -2.827411520778   -1.619189184121
              H    -10.121698150488   -0.706516199457   -0.112476581962
              H     -4.130322766382   -4.758445511105    3.151658633585
              H     -1.275801245162   -1.665840874238    1.090063280745
              H     -3.125650927396    2.473620181870   -3.670101141283
              H     -0.674094536131    3.304619563099    2.963303361730
              H      2.660690908892    4.174136405058   -1.632608078949
              H      0.113559512655    7.428101208177    3.472610992553
              H      4.623403075359    2.664114473077    2.365488064538
              H      2.549803317893    0.028602016564    2.357968306437
              H      4.689086573986   -5.109128917186    0.379858099812
              O     -1.911465710361    6.768482576693   -2.083947135699
              H     -4.133274182291    5.129384023417    0.695833058903
              H     -3.409271731561    7.023197267014   -3.085826442021
$End
$SCF_Mulliken_Population_Analysis
   &GeometryIndex 2
   &NAtoms [&Type "Integer"] 33
   &ATNO [&Type "ArrayOfIntegers", &Dim (33,1)] 
                                                         0

0                                                        7
1                                                        6
2                                                        7
3                                                        6
4                                                        6
5                                                        6
6                                                        8
7                                                        8
8                                                        6
9                                                        6
10                                                       6
11                                                       6
12                                                       8
13                                                       8
14                                                       6
15                                                       8
16                                                      15
17                                                       8
18                                                       8
19                                                       8
20                                                       1
21                                                       1
22                                                       1
23                                                       1
24                                                       1
25                                                       1
26                                                       1
27                                                       1
28                                                       1
29                                                       1
30                                                       8
31                                                       1
32                                                       1
   &AtomicCharges [&Type "ArrayOfDoubles", &Dim (33,1)] 
                                                         0

0                                      3.9780133060161482e-02
1                                      2.9467116264649196e-01
2                                     -1.9550058143019289e-01
3                                      2.6533143158544803e-01
4                                     -2.7210729448241100e-01
5                                     -5.9702697027674390e-02
6                                     -4.3789957522942125e-01
7                                     -4.4588479118669255e-01
8                                      6.0803322599293885e-02
9                                      7.9449508156184123e-03
10                                     9.5679476426227872e-02
11                                     9.1699552295930076e-02
12                                    -4.8941118984432563e-01
13                                    -3.1804334730917638e-01
14                                    -9.6072506288610526e-02
15                                    -3.5288874502726131e-01
16                                     7.9239807575636156e-01
17                                    -7.0833161325721328e-01
18                                    -5.4661711265127444e-01
19                                    -7.0761097181532762e-01
20                                     2.7879765737128870e-01
21                                     1.7665634538094832e-01
22                                     1.8896668394755289e-01
23                                     1.4620767622694797e-01
24                                     1.1713106360289183e-01
25                                     9.3874693141251853e-02
26                                     3.5865170042923800e-01
27                                     1.2181139152749343e-01
28                                     1.2118909708417935e-01
29                                     3.6362457125189995e-01
30                                    -4.8032303140892552e-01
31                                     1.3742105800021120e-01
32                                     3.5775341380911596e-01
   &Method [&Type "String"] "SCF"
   &Level [&Type "String"] "Relaxed density"
   &Mult [&Type "Integer"] 1
   &State [&Type "Integer"] -1
   &Irrep [&Type "Integer"] 0
$End
$SCF_Loewdin_Population_Analysis
   &GeometryIndex 2
   &NAtoms [&Type "Integer"] 33
   &ATNO [&Type "ArrayOfIntegers", &Dim (33,1)] 
                                                         0

0                                                        7
1                                                        6
2                                                        7
3                                                        6
4                                                        6
5                                                        6
6                                                        8
7                                                        8
8                                                        6
9                                                        6
10                                                       6
11                                                       6
12                                                       8
13                                                       8
14                                                       6
15                                                       8
16                                                      15
17                                                       8
18                                                       8
19                                                       8
20                                                       1
21                                                       1
22                                                       1
23                                                       1
24                                                       1
25                                                       1
26                                                       1
27                                                       1
28                                                       1
29                                                       1
30                                                       8
31                                                       1
32                                                       1
   &AtomicCharges [&Type "ArrayOfDoubles", &Dim (33,1)] 
                                                         0

0                                      2.7333583529304573e-01
1                                     -4.7644247678668705e-01
2                                      2.2942723147625088e-01
3                                     -4.3647777671816090e-01
4                                     -1.5791017752533953e-01
5                                     -1.2960451199652923e-01
6                                      3.3901104263368786e-02
7                                      1.3867000637318938e-02
8                                     -2.8627517597743246e-01
9                                     -3.2322633739024109e-01
10                                    -3.2017793082322665e-01
11                                    -2.9351836990281654e-01
12                                     8.5932991070301057e-03
13                                     2.2728271860740623e-01
14                                    -3.2889480977358332e-01
15                                     3.2655326048931954e-02
16                                    -1.0180292803873670e-01
17                                    -4.0025607844483169e-01
18                                    -1.7998390164587796e-01
19                                    -4.0739875775808621e-01
20                                     2.2291894316853023e-01
21                                     1.6504719730676431e-01
22                                     1.6679025364914257e-01
23                                     1.5758333864530205e-01
24                                     1.5994965727204180e-01
25                                     1.5364970434520298e-01
26                                     1.9747050182315606e-01
27                                     1.3545165116314595e-01
28                                     1.2957441396506320e-01
29                                     1.8240970702985781e-01
30                                     5.7667175744695598e-03
31                                     1.5072701931761345e-01
32                                     1.9556761208800777e-01
   &Method [&Type "String"] "SCF"
   &Level [&Type "String"] "Relaxed density"
   &Mult [&Type "Integer"] 1
   &State [&Type "Integer"] -1
   &Irrep [&Type "Integer"] 0
$End
$SCF_Mayer_Population_Analysis
   &GeometryIndex 2
   &NAtoms [&Type "Integer"] 33 "Total number of atoms"
   &NBondOrdersPrint [&Type "Integer"] 34 "The number of bond orders larger than threshold"
   &bondThresh [&Type "Double"]       1.0000000000000001e-01  "The threshold for printing"
   &components [&Type "ArrayOfIntegers", &Dim (34,4)] "The indices and atomic numbers of the bonding atoms"
                                                         0                           1                           2                           3

0                                                        0                           7                           1                           6
1                                                        0                           7                           5                           6
2                                                        0                           7                           8                           6
3                                                        1                           6                           2                           7
4                                                        1                           6                           6                           8
5                                                        2                           7                           3                           6
6                                                        2                           7                          20                           1
7                                                        3                           6                           4                           6
8                                                        3                           6                           7                           8
9                                                        4                           6                           5                           6
10                                                       4                           6                          21                           1
11                                                       5                           6                          22                           1
12                                                       8                           6                           9                           6
13                                                       8                           6                          13                           8
14                                                       8                           6                          23                           1
15                                                       9                           6                          10                           6
16                                                       9                           6                          30                           8
17                                                       9                           6                          31                           1
18                                                      10                           6                          11                           6
19                                                      10                           6                          12                           8
20                                                      10                           6                          24                           1
21                                                      11                           6                          13                           8
22                                                      11                           6                          14                           6
23                                                      11                           6                          25                           1
24                                                      12                           8                          26                           1
25                                                      14                           6                          15                           8
26                                                      14                           6                          27                           1
27                                                      14                           6                          28                           1
28                                                      15                           8                          16                          15
29                                                      16                          15                          17                           8
30                                                      16                          15                          18                           8
31                                                      16                          15                          19                           8
32                                                      18                           8                          29                           1
33                                                      30                           8                          32                           1
   &BondOrders [&Type "ArrayOfDoubles", &Dim (34,1)] "The bond orders"
                                                         0

0                                      1.1330379405116153e+00
1                                      1.1826440128997953e+00
2                                      8.7294107795678644e-01
3                                      1.2148325504577782e+00
4                                      1.9611630362438559e+00
5                                      1.1097887655055247e+00
6                                      8.6271668468046725e-01
7                                      1.1300904711184538e+00
8                                      1.9909215519045818e+00
9                                      1.6445631159225382e+00
10                                     9.5105311526477165e-01
11                                     9.3078626899679329e-01
12                                     9.5016057881360116e-01
13                                     1.0643944943661521e+00
14                                     9.3380727422111554e-01
15                                     9.3051826484446853e-01
16                                     1.1578316029339275e+00
17                                     9.8886520584054804e-01
18                                     9.7399375204759020e-01
19                                     1.0800558871084647e+00
20                                     9.4358404154073083e-01
21                                     9.5191275621594507e-01
22                                     9.9816237875175529e-01
23                                     9.3688306061071003e-01
24                                     8.6302020128332457e-01
25                                     9.5790300022841324e-01
26                                     9.6140844967650951e-01
27                                     9.4280306894213917e-01
28                                     1.0461647305319268e+00
29                                     1.8520020448414347e+00
30                                     1.0950995436007644e+00
31                                     1.8984682643753767e+00
32                                     8.4929700071630798e-01
33                                     8.6145761332486670e-01
   &ATNO [&Type "ArrayOfIntegers", &Dim (33,1)] "Atomic number of the elements"
                                                         0

0                                                        7
1                                                        6
2                                                        7
3                                                        6
4                                                        6
5                                                        6
6                                                        8
7                                                        8
8                                                        6
9                                                        6
10                                                       6
11                                                       6
12                                                       8
13                                                       8
14                                                       6
15                                                       8
16                                                      15
17                                                       8
18                                                       8
19                                                       8
20                                                       1
21                                                       1
22                                                       1
23                                                       1
24                                                       1
25                                                       1
26                                                       1
27                                                       1
28                                                       1
29                                                       1
30                                                       8
31                                                       1
32                                                       1
   &NA [&Type "ArrayOfDoubles", &Dim (33,1)] "Mulliken gross atomic population"
                                                         0

0                                      6.9602198669398394e+00
1                                      5.7053288373535089e+00
2                                      7.1955005814301884e+00
3                                      5.7346685684145475e+00
4                                      6.2721072944824154e+00
5                                      6.0597026970276762e+00
6                                      8.4378995752294195e+00
7                                      8.4458847911866961e+00
8                                      5.9391966774007052e+00
9                                      5.9920550491843816e+00
10                                     5.9043205235737766e+00
11                                     5.9083004477040673e+00
12                                     8.4894111898443256e+00
13                                     8.3180433473091746e+00
14                                     6.0960725062886123e+00
15                                     8.3528887450272578e+00
16                                     1.4207601924243630e+01
17                                     8.7083316132572133e+00
18                                     8.5466171126512709e+00
19                                     8.7076109718153276e+00
20                                     7.2120234262871130e-01
21                                     8.2334365461905223e-01
22                                     8.1103331605244722e-01
23                                     8.5379232377305225e-01
24                                     8.8286893639710817e-01
25                                     9.0612530685874870e-01
26                                     6.4134829957076267e-01
27                                     8.7818860847250679e-01
28                                     8.7881090291582020e-01
29                                     6.3637542874810005e-01
30                                     8.4803230314089166e+00
31                                     8.6257894199978946e-01
32                                     6.4224658619088393e-01
   &ZA [&Type "ArrayOfDoubles", &Dim (33,1)] "Total nuclear charge"
                                                         0

0                                      7.0000000000000000e+00
1                                      6.0000000000000000e+00
2                                      7.0000000000000000e+00
3                                      6.0000000000000000e+00
4                                      6.0000000000000000e+00
5                                      6.0000000000000000e+00
6                                      8.0000000000000000e+00
7                                      8.0000000000000000e+00
8                                      6.0000000000000000e+00
9                                      6.0000000000000000e+00
10                                     6.0000000000000000e+00
11                                     6.0000000000000000e+00
12                                     8.0000000000000000e+00
13                                     8.0000000000000000e+00
14                                     6.0000000000000000e+00
15                                     8.0000000000000000e+00
16                                     1.5000000000000000e+01
17                                     8.0000000000000000e+00
18                                     8.0000000000000000e+00
19                                     8.0000000000000000e+00
20                                     1.0000000000000000e+00
21                                     1.0000000000000000e+00
22                                     1.0000000000000000e+00
23                                     1.0000000000000000e+00
24                                     1.0000000000000000e+00
25                                     1.0000000000000000e+00
26                                     1.0000000000000000e+00
27                                     1.0000000000000000e+00
28                                     1.0000000000000000e+00
29                                     1.0000000000000000e+00
30                                     8.0000000000000000e+00
31                                     1.0000000000000000e+00
32                                     1.0000000000000000e+00
   &QA [&Type "ArrayOfDoubles", &Dim (33,1)] "Mulliken gross atomic charge"
                                                         0

0                                      3.9780133060160594e-02
1                                      2.9467116264649107e-01
2                                     -1.9550058143018845e-01
3                                      2.6533143158545247e-01
4                                     -2.7210729448241544e-01
5                                     -5.9702697027676166e-02
6                                     -4.3789957522941947e-01
7                                     -4.4588479118669611e-01
8                                      6.0803322599294773e-02
9                                      7.9449508156184123e-03
10                                     9.5679476426223431e-02
11                                     9.1699552295932740e-02
12                                    -4.8941118984432563e-01
13                                    -3.1804334730917461e-01
14                                    -9.6072506288612303e-02
15                                    -3.5288874502725776e-01
16                                     7.9239807575637045e-01
17                                    -7.0833161325721328e-01
18                                    -5.4661711265127089e-01
19                                    -7.0761097181532762e-01
20                                     2.7879765737128870e-01
21                                     1.7665634538094777e-01
22                                     1.8896668394755278e-01
23                                     1.4620767622694775e-01
24                                     1.1713106360289183e-01
25                                     9.3874693141251297e-02
26                                     3.5865170042923733e-01
27                                     1.2181139152749321e-01
28                                     1.2118909708417980e-01
29                                     3.6362457125189995e-01
30                                    -4.8032303140891663e-01
31                                     1.3742105800021054e-01
32                                     3.5775341380911607e-01
   &VA [&Type "ArrayOfDoubles", &Dim (33,1)] "Mayer's total valence"
                                                         0

0                                      3.2314181929747283e+00
1                                      4.4388206194866058e+00
2                                      3.1813019020583564e+00
3                                      4.3740192958383979e+00
4                                      3.7683375525966172e+00
5                                      4.0198616301783421e+00
6                                      2.0897889962445895e+00
7                                      2.0802029263041035e+00
8                                      3.9729108004268712e+00
9                                      4.0789601129227240e+00
10                                     3.9968387782513601e+00
11                                     3.8929990320926913e+00
12                                     1.9650526562177628e+00
13                                     2.0565559308991528e+00
14                                     3.9214932713733051e+00
15                                     1.9720536989227959e+00
16                                     5.9548538535160880e+00
17                                     1.8573241265213767e+00
18                                     1.9192155458977211e+00
19                                     1.8630966090274246e+00
20                                     9.4839781187597583e-01
21                                     9.6821605771511787e-01
22                                     9.6711470126369736e-01
23                                     9.7759315884035791e-01
24                                     9.7261405189265171e-01
25                                     1.0067780751002262e+00
26                                     8.8473732725761811e-01
27                                     9.9882273259928600e-01
28                                     9.6917824831475818e-01
29                                     8.8881068805218244e-01
30                                     2.0016719483935965e+00
31                                     9.6546192442543699e-01
32                                     8.8692840010713492e-01
   &BVA [&Type "ArrayOfDoubles", &Dim (33,1)] "Mayer's bonded valence"
                                                         0

0                                      3.2314181929745356e+00
1                                      4.4388206194865365e+00
2                                      3.1813019020584372e+00
3                                      4.3740192958384716e+00
4                                      3.7683375525967246e+00
5                                      4.0198616301783119e+00
6                                      2.0897889962445815e+00
7                                      2.0802029263040840e+00
8                                      3.9729108004267162e+00
9                                      4.0789601129227240e+00
10                                     3.9968387782513979e+00
11                                     3.8929990320927397e+00
12                                     1.9650526562177504e+00
13                                     2.0565559308990409e+00
14                                     3.9214932713733952e+00
15                                     1.9720536989227639e+00
16                                     5.9548538535161164e+00
17                                     1.8573241265213376e+00
18                                     1.9192155458977709e+00
19                                     1.8630966090274335e+00
20                                     9.4839781187599470e-01
21                                     9.6821605771509589e-01
22                                     9.6711470126369103e-01
23                                     9.7759315884031517e-01
24                                     9.7261405189264671e-01
25                                     1.0067780751002340e+00
26                                     8.8473732725761678e-01
27                                     9.9882273259933241e-01
28                                     9.6917824831475419e-01
29                                     8.8881068805217822e-01
30                                     2.0016719483935841e+00
31                                     9.6546192442544088e-01
32                                     8.8692840010713758e-01
   &FA [&Type "ArrayOfDoubles", &Dim (33,1)] "Mayer's free valence"
                                                         0

0                                      0.0000000000000000e+00
1                                      0.0000000000000000e+00
2                                      0.0000000000000000e+00
3                                      0.0000000000000000e+00
4                                      0.0000000000000000e+00
5                                      0.0000000000000000e+00
6                                      0.0000000000000000e+00
7                                      0.0000000000000000e+00
8                                      0.0000000000000000e+00
9                                      0.0000000000000000e+00
10                                     0.0000000000000000e+00
11                                     0.0000000000000000e+00
12                                     0.0000000000000000e+00
13                                     0.0000000000000000e+00
14                                     0.0000000000000000e+00
15                                     0.0000000000000000e+00
16                                     0.0000000000000000e+00
17                                     0.0000000000000000e+00
18                                     0.0000000000000000e+00
19                                     0.0000000000000000e+00
20                                     0.0000000000000000e+00
21                                     0.0000000000000000e+00
22                                     0.0000000000000000e+00
23                                     0.0000000000000000e+00
24                                     0.0000000000000000e+00
25                                     0.0000000000000000e+00
26                                     0.0000000000000000e+00
27                                     0.0000000000000000e+00
28                                     0.0000000000000000e+00
29                                     0.0000000000000000e+00
30                                     0.0000000000000000e+00
31                                     0.0000000000000000e+00
32                                     0.0000000000000000e+00
   &Method [&Type "String"] "SCF"
   &Level [&Type "String"] "Relaxed density"
   &Mult [&Type "Integer"] 1
   &State [&Type "Integer"] -1
   &Irrep [&Type "Integer"] 0
$End
$SCF_Energy
   &GeometryIndex 2
   &Method [&Type "String"] "SCF"
   &totalEnergy [&Type "ArrayOfDoubles", &Dim (1,1)] "Total energy of each state"
                                                         0

0                                     -1.4775267788860053e+03
   &Mult [&Type "ArrayOfIntegers", &Dim (1,1)] "Multiplicity of each state"
                                                         0

0                                                        1
$End
$DFT_Energy
   &GeometryIndex 2
   &nAlphaEl [&Type "Integer"] 84
   &nBetaEl [&Type "Integer"] 84
   &nTotalEl [&Type "Integer"] 168
   &finalEn [&Type "Double"]      -1.4775267788860053e+03  "No Van der Waals correction"
   &eExchange [&Type "Double"]      -1.2097246541966959e+02
   &eCorr [&Type "Double"]      -5.8395233455604858e+00
   &eXC [&Type "Double"]      -1.2681198876523007e+02
   &eCNL [&Type "Double"]       0.0000000000000000e+00
$End
$Solvation_Details
   &GeometryIndex 2
   &Solvent [&Type "String"] "WATER"
   &Epsilon [&Type "Double"]       8.0150999999999996e+01
   &Refrac [&Type "Double"]       1.3328000000000000e+00
   &RSolv [&Type "Double"]       1.3000000000000000e+00
   &SurfaceType [&Type "String"] "GAUSSIAN VDW"
   &CPCMDielEnergy [&Type "Double"]      -1.4586056600000000e-01
   &NPoints [&Type "Integer"] 2776
   &SurfaceArea [&Type "Double"]       1.1382979160530001e+03
$End
$SCF_Timings
   &GeometryIndex 2
   &TOTAL [&Type "Double"]       4.9671999000000000e+01
   &PREP [&Type "Double"]       8.2184400000000002e-01
   &FOCK [&Type "Double"]       4.5039752999999997e+01
   &DENS [&Type "Double"]       9.2604999999998938e-02
   &ETOT [&Type "Double"]       5.8985000000001619e-02
   &POP [&Type "Double"]       1.9754700000000014e-01
   &TRAFO [&Type "Double"]       2.9437599999999975e-01
   &DIIS [&Type "Double"]       1.6032899999999906e-01
   &SOSCF [&Type "Double"]       7.6226099999999697e-01
   &XC [&Type "Double"]       4.2967100000000062e+00
   &FOCKSTART [&Type "Double"]       2.0645999999997500e-02
   &SOLV [&Type "Double"]       3.4585329999999974e+00
   &SOLV_INIT [&Type "Double"]       1.9316099999999992e-01
   &INT_PREP [&Type "Double"]       9.9999999747524271e-07
   &INT_BF [&Type "Double"]       7.3102300000004306e-01
   &INT_DENS [&Type "Double"]       1.2422219999998934e+00
   &INT_DENSIO [&Type "Double"]       4.7982841784000077e+04
   &INT_FUNC [&Type "Double"]       4.4190999999953462e-02
   &INT_POT [&Type "Double"]       9.7898000000000529e-01
   &INT_POTIO [&Type "Double"]       7.8179999999292704e-03
   &INT_SUM [&Type "Double"]       8.4900000000232012e-04
   &SPLITRIJ [&Type "Double"]       2.7395999999999958e+00
   &COSX [&Type "Double"]       3.7503432000000004e+01
$End
$VdW_Correction
   &GeometryIndex 2
   &vdW [&Type "Double"]      -3.6492648419513968e-02
$End
$Single_Point_Data
   &GeometryIndex 2
   &FinalEnergy [&Type "Double"]      -1.4775632715344248e+03  "Final single point energy"
   &Converged [&Type "Boolean"] true
$End
$SCF_Dipole_Moment
   &GeometryIndex 2
   &dipoleMagnitude [&Type "Double", &Units "a.u."]       8.8158463022870812e+00
   &dipoleElecContrib [&Type "ArrayOfDoubles", &Dim (3,1)] "Electronic contribution"
                                                         0

0                                     -6.2444715024522791e-03
1                                     -5.4734970186193568e+00
2                                     -2.0821589215091070e+00
   &dipoleNucContrib [&Type "ArrayOfDoubles", &Dim (3,1)] "Nuclear contribution"
                                                         0

0                                     -8.3233901999075819e+00
1                                      8.3569733049460062e+00
2                                      2.2301345025505634e+00
   &dipoleTotal [&Type "ArrayOfDoubles", &Dim (3,1)] "Total"
                                                         0

0                                     -8.3296346714100338e+00
1                                      2.8834762863266494e+00
2                                      1.4797558104145647e-01
   &doAtomicDipole [&Type "Boolean"] false
   &Method [&Type "String"] "SCF"
   &Level [&Type "String"] "Relaxed density"
   &Mult [&Type "Integer"] 1
   &State [&Type "Integer"] -1
   &Irrep [&Type "Integer"] 0
$End
$Calculation_Info
   &GeometryIndex 2
   &Mult [&Type "Integer"] 1
   &Charge [&Type "Integer"] -1
   &NumOfAtoms [&Type "Integer"] 33
   &NumOfElectrons [&Type "Integer"] 168
   &NumOfBasisFuncts [&Type "Integer"] 729
   &NumOfAuxCBasisFuncts [&Type "Integer"] 0
   &NumOfAuxJBasisFuncts [&Type "Integer"] 1163
   &NumOfAuxJKBasisFuncts [&Type "Integer"] 0
   &NumOfCABSBasisFuncts [&Type "Integer"] 0
$End
$Calculation_Timings
   &GeometryIndex 2
   &GTOINT [&Type "Double"]       6.6183620000000207e+00
   &SCF [&Type "Double"]       1.4071729700000000e+02
   &SCFGRAD [&Type "Double"]       4.0673288999999997e+01
   &GSTEP [&Type "Double"]       1.5017999999997748e-02
   &PROP [&Type "Double"]       6.6695400000000404e-01
   &SUM [&Type "Double"]       1.8869092000000003e+02
$End
