*************************************************
******************* ORCA 6.1.1 ******************
*************************************************
$Calculation_Status
   &GeometryIndex 2
   &version [&Type "String"] "6.1.1"
   &progName [&Type "String"] "LeanSCF"
   &Status [&Type "String"] "NORMAL TERMINATION"
$End
$Geometry
   &GeometryIndex 1
   &NAtoms [&Type "Integer"] 35
   &NCorelessECP [&Type "Integer"] 0
   &NGhostAtoms [&Type "Integer"] 0
   &CartesianCoordinates [&Type "Coordinates", &Dim(35,4), &Units "Bohr"] 
              P      5.842378488415   -3.198239346558    0.485096271203
              O      0.677080555937    2.420911813929   -2.426114532134
              O      1.317163939746    7.756814602154   -0.405399192196
              O     -3.183653927455    6.143345549254    1.356601903686
              O      4.704129916044   -0.623326349071   -0.763390642713
              O     -6.310131842180    1.840529373794    0.725397429427
              O      6.493096996986   -4.837174735948   -1.702722801480
              O      4.147295243298   -4.076270742722    2.548672607183
              O      8.386943793792   -2.198052947761    1.867031801077
              N     -2.668367697712    0.058658590258   -0.714858112963
              N     -5.984601164654   -2.427336922451    0.706982202977
              N     -5.793703862220   -6.769248983444    0.813574606062
              C      1.301886276584    5.388685223126    0.790180758648
              C     -1.355671365010    4.259878978860    1.113764285723
              C      2.615784530518    3.349302446806   -0.754459154923
              C     -1.667679725157    2.628732891770   -1.289425455352
              C      3.745126161501    1.274536045395    0.851186041366
              C     -1.337774281160   -2.063005562814   -1.209351955938
              C     -5.066732720644   -0.035424602754    0.266244273541
              C     -2.262386215234   -4.399868269141   -0.740143710487
              C     -4.715340783393   -4.602349393204    0.278655191954
              H      2.210565193684    5.663750976167    2.619429876229
              H     -1.334189309575    3.010579939517    2.767143526214
              H      4.072185120777    4.159198832197   -1.967421335872
              H     -3.018572694295    3.487438943893   -2.594457486766
              H      2.348545386769    0.463029771351    2.145607101473
              H      5.261409417287    2.100484959144    1.994540219834
              H      0.396406595397    7.655952000723   -1.973146503079
              H     -4.792237625630    5.274115573437    1.414757254839
              H      0.526002177168   -1.763096080229   -1.994708127227
              H     -1.162522849710   -6.073039308638   -1.128142652919
              H     -4.849288092429   -8.393761613658    0.505854214773
              H     -7.550607385115   -6.881595945021    1.542091938057
              H      9.698304246753   -1.834835715995    0.655613791286
              H     -7.757095431656   -2.478863531899    1.431254508138
$End
$SCF_Mulliken_Population_Analysis
   &GeometryIndex 1
   &NAtoms [&Type "Integer"] 35
   &ATNO [&Type "ArrayOfIntegers", &Dim (35,1)] 
                                                         0

0                                                       15
1                                                        8
2                                                        8
3                                                        8
4                                                        8
5                                                        8
6                                                        8
7                                                        8
8                                                        8
9                                                        7
10                                                       7
11                                                       7
12                                                       6
13                                                       6
14                                                       6
15                                                       6
16                                                       6
17                                                       6
18                                                       6
19                                                       6
20                                                       6
21                                                       1
22                                                       1
23                                                       1
24                                                       1
25                                                       1
26                                                       1
27                                                       1
28                                                       1
29                                                       1
30                                                       1
31                                                       1
32                                                       1
33                                                       1
34                                                       1
   &AtomicCharges [&Type "ArrayOfDoubles", &Dim (35,1)] 
                                                         0

0                                      8.0519849800298360e-01
1                                     -3.1113067449111931e-01
2                                     -4.7984389745364453e-01
3                                     -4.6543076155439600e-01
4                                     -3.5618386042273187e-01
5                                     -4.4320567282438894e-01
6                                     -7.0420566517520911e-01
7                                     -6.9747336217710298e-01
8                                     -5.4646541481769972e-01
9                                      5.8557454883627180e-02
10                                    -1.8174467738152522e-01
11                                    -3.3190159048240453e-01
12                                     1.0376261161193590e-01
13                                    -5.8801866415856274e-02
14                                     1.6981060392016101e-01
15                                     5.0784617210917204e-03
16                                    -1.7760777947049711e-01
17                                    -1.6502442854511301e-02
18                                     3.4803864271480300e-01
19                                    -2.5584857558332530e-01
20                                     2.8923703276289192e-01
21                                     1.3916396447443657e-01
22                                     1.3832011084754081e-01
23                                     1.1803638442557918e-01
24                                     1.6300777865853067e-01
25                                     1.3593026200052916e-01
26                                     1.3912120768045377e-01
27                                     3.4881929472651074e-01
28                                     3.5698477608877599e-01
29                                     1.9545201901602827e-01
30                                     1.9976626214532056e-01
31                                     3.2170724314584809e-01
32                                     3.1901712695917295e-01
33                                     3.6316020180003328e-01
34                                     3.0817630351792102e-01
   &Method [&Type "String"] "SCF"
   &Level [&Type "String"] "Relaxed density"
   &Mult [&Type "Integer"] 1
   &State [&Type "Integer"] -1
   &Irrep [&Type "Integer"] 0
$End
$SCF_Loewdin_Population_Analysis
   &GeometryIndex 1
   &NAtoms [&Type "Integer"] 35
   &ATNO [&Type "ArrayOfIntegers", &Dim (35,1)] 
                                                         0

0                                                       15
1                                                        8
2                                                        8
3                                                        8
4                                                        8
5                                                        8
6                                                        8
7                                                        8
8                                                        8
9                                                        7
10                                                       7
11                                                       7
12                                                       6
13                                                       6
14                                                       6
15                                                       6
16                                                       6
17                                                       6
18                                                       6
19                                                       6
20                                                       6
21                                                       1
22                                                       1
23                                                       1
24                                                       1
25                                                       1
26                                                       1
27                                                       1
28                                                       1
29                                                       1
30                                                       1
31                                                       1
32                                                       1
33                                                       1
34                                                       1
   &AtomicCharges [&Type "ArrayOfDoubles", &Dim (35,1)] 
                                                         0

0                                     -9.5154820380891181e-02
1                                      2.3132886693173926e-01
2                                      2.9013521184584334e-04
3                                     -4.4083850170295591e-04
4                                      3.6085488746832262e-02
5                                      6.3747734094536490e-02
6                                     -4.0336018533983875e-01
7                                     -3.9116374661319497e-01
8                                     -1.7633510627035953e-01
9                                      2.8789380950750498e-01
10                                     2.7524499051969364e-01
11                                     1.3590948477290876e-01
12                                    -3.0889262644911764e-01
13                                    -3.2871133512635797e-01
14                                    -2.8399898168766757e-01
15                                    -2.8422283246952063e-01
16                                    -3.3121275764997105e-01
17                                    -9.3565955226673658e-02
18                                    -4.4527208278609187e-01
19                                    -1.2699757229448938e-01
20                                    -2.5301779270595315e-01
21                                     1.6310013664489531e-01
22                                     1.5926990762176496e-01
23                                     1.5927261683677685e-01
24                                     1.6253885671602741e-01
25                                     1.3226733762532938e-01
26                                     1.3960331790814096e-01
27                                     1.9200226793495201e-01
28                                     1.8153246728945671e-01
29                                     1.7287072455369534e-01
30                                     1.7707932273994076e-01
31                                     2.1554953001517763e-01
32                                     2.1071160550100521e-01
33                                     1.8313624624355695e-01
34                                     2.4291178608582042e-01
   &Method [&Type "String"] "SCF"
   &Level [&Type "String"] "Relaxed density"
   &Mult [&Type "Integer"] 1
   &State [&Type "Integer"] -1
   &Irrep [&Type "Integer"] 0
$End
$SCF_Mayer_Population_Analysis
   &GeometryIndex 1
   &NAtoms [&Type "Integer"] 35 "Total number of atoms"
   &NBondOrdersPrint [&Type "Integer"] 36 "The number of bond orders larger than threshold"
   &bondThresh [&Type "Double"]       1.0000000000000001e-01  "The threshold for printing"
   &components [&Type "ArrayOfIntegers", &Dim (36,4)] "The indices and atomic numbers of the bonding atoms"
                                                         0                           1                           2                           3

0                                                        0                          15                           4                           8
1                                                        0                          15                           6                           8
2                                                        0                          15                           7                           8
3                                                        0                          15                           8                           8
4                                                        1                           8                          14                           6
5                                                        1                           8                          15                           6
6                                                        2                           8                          12                           6
7                                                        2                           8                          27                           1
8                                                        3                           8                          13                           6
9                                                        3                           8                          28                           1
10                                                       4                           8                          16                           6
11                                                       5                           8                          18                           6
12                                                       8                           8                          33                           1
13                                                       9                           7                          15                           6
14                                                       9                           7                          17                           6
15                                                       9                           7                          18                           6
16                                                      10                           7                          18                           6
17                                                      10                           7                          20                           6
18                                                      10                           7                          34                           1
19                                                      11                           7                          20                           6
20                                                      11                           7                          31                           1
21                                                      11                           7                          32                           1
22                                                      12                           6                          13                           6
23                                                      12                           6                          14                           6
24                                                      12                           6                          21                           1
25                                                      13                           6                          15                           6
26                                                      13                           6                          22                           1
27                                                      14                           6                          16                           6
28                                                      14                           6                          23                           1
29                                                      15                           6                          24                           1
30                                                      16                           6                          25                           1
31                                                      16                           6                          26                           1
32                                                      17                           6                          19                           6
33                                                      17                           6                          29                           1
34                                                      19                           6                          20                           6
35                                                      19                           6                          30                           1
   &BondOrders [&Type "ArrayOfDoubles", &Dim (36,1)] "The bond orders"
                                                         0

0                                      1.0104599817852933e+00
1                                      1.8910322536928379e+00
2                                      1.8352395252577596e+00
3                                      1.1199873766602493e+00
4                                      9.2140430425801201e-01
5                                      1.0502069399867247e+00
6                                      1.0202372775699247e+00
7                                      8.6310465181156837e-01
8                                      1.1468488061259090e+00
9                                      8.4134635934798063e-01
10                                     9.4900373998769927e-01
11                                     1.8476104658896706e+00
12                                     8.4865645257328071e-01
13                                     8.8366291207485492e-01
14                                     1.2291795294071877e+00
15                                     1.1557053803520840e+00
16                                     1.1818688055679138e+00
17                                     1.2452054519385263e+00
18                                     8.5160314172731566e-01
19                                     1.4788897550618567e+00
20                                     8.6521746293619639e-01
21                                     8.6423434710640645e-01
22                                     9.7138781717313982e-01
23                                     9.8032104650796237e-01
24                                     9.3294403884579735e-01
25                                     9.2321189914968405e-01
26                                     9.8943732870451861e-01
27                                     9.7866573698323533e-01
28                                     9.3385431295387278e-01
29                                     9.3708082521198000e-01
30                                     9.3795061501022037e-01
31                                     9.4356749499752790e-01
32                                     1.6079651509501975e+00
33                                     9.1575014209340022e-01
34                                     1.2187654642890628e+00
35                                     9.3821541295979149e-01
   &ATNO [&Type "ArrayOfIntegers", &Dim (35,1)] "Atomic number of the elements"
                                                         0

0                                                       15
1                                                        8
2                                                        8
3                                                        8
4                                                        8
5                                                        8
6                                                        8
7                                                        8
8                                                        8
9                                                        7
10                                                       7
11                                                       7
12                                                       6
13                                                       6
14                                                       6
15                                                       6
16                                                       6
17                                                       6
18                                                       6
19                                                       6
20                                                       6
21                                                       1
22                                                       1
23                                                       1
24                                                       1
25                                                       1
26                                                       1
27                                                       1
28                                                       1
29                                                       1
30                                                       1
31                                                       1
32                                                       1
33                                                       1
34                                                       1
   &NA [&Type "ArrayOfDoubles", &Dim (35,1)] "Mulliken gross atomic population"
                                                         0

0                                      1.4194801501997009e+01
1                                      8.3111306744911246e+00
2                                      8.4798438974536374e+00
3                                      8.4654307615543924e+00
4                                      8.3561838604227248e+00
5                                      8.4432056728243854e+00
6                                      8.7042056651752073e+00
7                                      8.6974733621770977e+00
8                                      8.5464654148177015e+00
9                                      6.9414425451163702e+00
10                                     7.1817446773815252e+00
11                                     7.3319015904824063e+00
12                                     5.8962373883880712e+00
13                                     6.0588018664158536e+00
14                                     5.8301893960798470e+00
15                                     5.9949215382789074e+00
16                                     6.1776077794704918e+00
17                                     6.0165024428545184e+00
18                                     5.6519613572851970e+00
19                                     6.2558485755833297e+00
20                                     5.7107629672371001e+00
21                                     8.6083603552556376e-01
22                                     8.6167988915245930e-01
23                                     8.8196361557442104e-01
24                                     8.3699222134146900e-01
25                                     8.6406973799947062e-01
26                                     8.6087879231954667e-01
27                                     6.5118070527348881e-01
28                                     6.4301522391122434e-01
29                                     8.0454798098397173e-01
30                                     8.0023373785467899e-01
31                                     6.7829275685415225e-01
32                                     6.8098287304082739e-01
33                                     6.3683979819996661e-01
34                                     6.9182369648207909e-01
   &ZA [&Type "ArrayOfDoubles", &Dim (35,1)] "Total nuclear charge"
                                                         0

0                                      1.5000000000000000e+01
1                                      8.0000000000000000e+00
2                                      8.0000000000000000e+00
3                                      8.0000000000000000e+00
4                                      8.0000000000000000e+00
5                                      8.0000000000000000e+00
6                                      8.0000000000000000e+00
7                                      8.0000000000000000e+00
8                                      8.0000000000000000e+00
9                                      7.0000000000000000e+00
10                                     7.0000000000000000e+00
11                                     7.0000000000000000e+00
12                                     6.0000000000000000e+00
13                                     6.0000000000000000e+00
14                                     6.0000000000000000e+00
15                                     6.0000000000000000e+00
16                                     6.0000000000000000e+00
17                                     6.0000000000000000e+00
18                                     6.0000000000000000e+00
19                                     6.0000000000000000e+00
20                                     6.0000000000000000e+00
21                                     1.0000000000000000e+00
22                                     1.0000000000000000e+00
23                                     1.0000000000000000e+00
24                                     1.0000000000000000e+00
25                                     1.0000000000000000e+00
26                                     1.0000000000000000e+00
27                                     1.0000000000000000e+00
28                                     1.0000000000000000e+00
29                                     1.0000000000000000e+00
30                                     1.0000000000000000e+00
31                                     1.0000000000000000e+00
32                                     1.0000000000000000e+00
33                                     1.0000000000000000e+00
34                                     1.0000000000000000e+00
   &QA [&Type "ArrayOfDoubles", &Dim (35,1)] "Mulliken gross atomic charge"
                                                         0

0                                      8.0519849800299070e-01
1                                     -3.1113067449112464e-01
2                                     -4.7984389745363742e-01
3                                     -4.6543076155439245e-01
4                                     -3.5618386042272476e-01
5                                     -4.4320567282438539e-01
6                                     -7.0420566517520733e-01
7                                     -6.9747336217709766e-01
8                                     -5.4646541481770150e-01
9                                      5.8557454883629845e-02
10                                    -1.8174467738152522e-01
11                                    -3.3190159048240631e-01
12                                     1.0376261161192879e-01
13                                    -5.8801866415853610e-02
14                                     1.6981060392015301e-01
15                                     5.0784617210926086e-03
16                                    -1.7760777947049178e-01
17                                    -1.6502442854518407e-02
18                                     3.4803864271480300e-01
19                                    -2.5584857558332974e-01
20                                     2.8923703276289991e-01
21                                     1.3916396447443624e-01
22                                     1.3832011084754070e-01
23                                     1.1803638442557896e-01
24                                     1.6300777865853100e-01
25                                     1.3593026200052938e-01
26                                     1.3912120768045333e-01
27                                     3.4881929472651119e-01
28                                     3.5698477608877566e-01
29                                     1.9545201901602827e-01
30                                     1.9976626214532101e-01
31                                     3.2170724314584775e-01
32                                     3.1901712695917261e-01
33                                     3.6316020180003339e-01
34                                     3.0817630351792091e-01
   &VA [&Type "ArrayOfDoubles", &Dim (35,1)] "Mayer's total valence"
                                                         0

0                                      5.9294004298345406e+00
1                                      2.0515404778218995e+00
2                                      1.9835852763349493e+00
3                                      1.9616297136939913e+00
4                                      1.9662427391969839e+00
5                                      2.0592814229045162e+00
6                                      1.8695785951755912e+00
7                                      1.8634121485108555e+00
8                                      1.9517272418840186e+00
9                                      3.3297870043826512e+00
10                                     3.3950728025217511e+00
11                                     3.3453786094105826e+00
12                                     3.9912237287132308e+00
13                                     4.1367514263203651e+00
14                                     3.9009409005355007e+00
15                                     3.9969434605218552e+00
16                                     3.9726364870218696e+00
17                                     4.0006928838832438e+00
18                                     4.3405922415388316e+00
19                                     3.9092384869522494e+00
20                                     4.1545136774369551e+00
21                                     9.7296083024308111e-01
22                                     9.6938044466877482e-01
23                                     9.8678460370895416e-01
24                                     9.7502463966979391e-01
25                                     9.8900538098122859e-01
26                                     9.7418443979593417e-01
27                                     8.9954149234681346e-01
28                                     9.0326439276328174e-01
29                                     9.9512772048020648e-01
30                                     9.6544002164978160e-01
31                                     9.0428258005432582e-01
32                                     9.0705507811754971e-01
33                                     8.9079916151242233e-01
34                                     9.2194157129804211e-01
   &BVA [&Type "ArrayOfDoubles", &Dim (35,1)] "Mayer's bonded valence"
                                                         0

0                                      5.9294004298345726e+00
1                                      2.0515404778218720e+00
2                                      1.9835852763348640e+00
3                                      1.9616297136939629e+00
4                                      1.9662427391970638e+00
5                                      2.0592814229045189e+00
6                                      1.8695785951756285e+00
7                                      1.8634121485108572e+00
8                                      1.9517272418839617e+00
9                                      3.3297870043826396e+00
10                                     3.3950728025219288e+00
11                                     3.3453786094106475e+00
12                                     3.9912237287132006e+00
13                                     4.1367514263204619e+00
14                                     3.9009409005354527e+00
15                                     3.9969434605218179e+00
16                                     3.9726364870219300e+00
17                                     4.0006928838832732e+00
18                                     4.3405922415389053e+00
19                                     3.9092384869522410e+00
20                                     4.1545136774371336e+00
21                                     9.7296083024308067e-01
22                                     9.6938044466877549e-01
23                                     9.8678460370895082e-01
24                                     9.7502463966977804e-01
25                                     9.8900538098124957e-01
26                                     9.7418443979593916e-01
27                                     8.9954149234680802e-01
28                                     9.0326439276328419e-01
29                                     9.9512772048021791e-01
30                                     9.6544002164974574e-01
31                                     9.0428258005431972e-01
32                                     9.0705507811755715e-01
33                                     8.9079916151242089e-01
34                                     9.2194157129805498e-01
   &FA [&Type "ArrayOfDoubles", &Dim (35,1)] "Mayer's free valence"
                                                         0

0                                      0.0000000000000000e+00
1                                      0.0000000000000000e+00
2                                      0.0000000000000000e+00
3                                      0.0000000000000000e+00
4                                      0.0000000000000000e+00
5                                      0.0000000000000000e+00
6                                      0.0000000000000000e+00
7                                      0.0000000000000000e+00
8                                      0.0000000000000000e+00
9                                      0.0000000000000000e+00
10                                     0.0000000000000000e+00
11                                     0.0000000000000000e+00
12                                     0.0000000000000000e+00
13                                     0.0000000000000000e+00
14                                     0.0000000000000000e+00
15                                     0.0000000000000000e+00
16                                     0.0000000000000000e+00
17                                     0.0000000000000000e+00
18                                     0.0000000000000000e+00
19                                     0.0000000000000000e+00
20                                     0.0000000000000000e+00
21                                     0.0000000000000000e+00
22                                     0.0000000000000000e+00
23                                     0.0000000000000000e+00
24                                     0.0000000000000000e+00
25                                     0.0000000000000000e+00
26                                     0.0000000000000000e+00
27                                     0.0000000000000000e+00
28                                     0.0000000000000000e+00
29                                     0.0000000000000000e+00
30                                     0.0000000000000000e+00
31                                     0.0000000000000000e+00
32                                     0.0000000000000000e+00
33                                     0.0000000000000000e+00
34                                     0.0000000000000000e+00
   &Method [&Type "String"] "SCF"
   &Level [&Type "String"] "Relaxed density"
   &Mult [&Type "Integer"] 1
   &State [&Type "Integer"] -1
   &Irrep [&Type "Integer"] 0
$End
$SCF_Energy
   &GeometryIndex 1
   &Method [&Type "String"] "SCF"
   &totalEnergy [&Type "ArrayOfDoubles", &Dim (1,1)] "Total energy of each state"
                                                         0

0                                     -1.4581098466678491e+03
   &Mult [&Type "ArrayOfIntegers", &Dim (1,1)] "Multiplicity of each state"
                                                         0

0                                                        1
$End
$DFT_Energy
   &GeometryIndex 1
   &nAlphaEl [&Type "Integer"] 84
   &nBetaEl [&Type "Integer"] 84
   &nTotalEl [&Type "Integer"] 167
   &finalEn [&Type "Double"]      -1.4581098466678491e+03  "No Van der Waals correction"
   &eExchange [&Type "Double"]      -1.2009873837201542e+02
   &eCorr [&Type "Double"]      -5.8392210611722444e+00
   &eXC [&Type "Double"]      -1.2593795943318766e+02
   &eCNL [&Type "Double"]       0.0000000000000000e+00
$End
$Solvation_Details
   &GeometryIndex 1
   &Solvent [&Type "String"] "WATER"
   &Epsilon [&Type "Double"]       8.0150999999999996e+01
   &Refrac [&Type "Double"]       1.3328000000000000e+00
   &RSolv [&Type "Double"]       1.3000000000000000e+00
   &SurfaceType [&Type "String"] "GAUSSIAN VDW"
   &CPCMDielEnergy [&Type "Double"]      -1.2613637100000000e-01
   &NPoints [&Type "Integer"] 2815
   &SurfaceArea [&Type "Double"]       1.1109581877430001e+03
$End
$SCF_Timings
   &GeometryIndex 1
   &TOTAL [&Type "Double"]       9.3780434000000000e+01
   &PREP [&Type "Double"]       8.6163599999999996e-01
   &FOCK [&Type "Double"]       8.5330233999999976e+01
   &DENS [&Type "Double"]       2.3840599999999768e-01
   &ETOT [&Type "Double"]       1.2675699999998713e-01
   &POP [&Type "Double"]       1.2972700000000259e-01
   &TRAFO [&Type "Double"]       4.8327399999999798e-01
   &DIIS [&Type "Double"]       2.3262440000000026e+00
   &SOSCF [&Type "Double"]       1.3082140000000138e+00
   &XC [&Type "Double"]       9.1291040000000052e+00
   &FOCKSTART [&Type "Double"]       3.9105000000004164e-02
   &SOLV [&Type "Double"]       9.0785490000000042e+00
   &SOLV_INIT [&Type "Double"]       2.2644699999999995e-01
   &INT_PREP [&Type "Double"]       1.9999999985031991e-06
   &INT_BF [&Type "Double"]       1.8125949999997850e+00
   &INT_DENS [&Type "Double"]       2.8397830000002315e+00
   &INT_DENSIO [&Type "Double"]       2.0156927331400031e+05
   &INT_FUNC [&Type "Double"]       1.0693900000001122e-01
   &INT_POT [&Type "Double"]       2.6275340000000735e+00
   &INT_POTIO [&Type "Double"]       1.7712000000058126e-02
   &INT_SUM [&Type "Double"]       9.5899999999993213e-04
   &SPLITRIJ [&Type "Double"]       7.0172360000000111e+00
   &COSX [&Type "Double"]       6.3907478000000026e+01
$End
$VdW_Correction
   &GeometryIndex 1
   &vdW [&Type "Double"]      -4.0681240173853522e-02
$End
$Single_Point_Data
   &GeometryIndex 1
   &FinalEnergy [&Type "Double"]      -1.4581505279080229e+03  "Final single point energy"
   &Converged [&Type "Boolean"] true
$End
$SCF_Nuc_Gradient
   &GeometryIndex 1
   &NAtoms [&Type "Integer"] 35
   &gradNorm [&Type "Double"]       2.2039512189871675e-04
   &grad [&Type "ArrayOfDoubles", &Dim (105,1)] 
                                                         0

0                                     -1.2419917633226408e-05
1                                     -5.5229005981283674e-05
2                                      3.4752713008012124e-05
3                                      5.3412643968514062e-06
4                                     -8.0530005230292372e-06
5                                     -1.0881453959381824e-06
6                                      4.1697974553099194e-05
7                                     -1.1126947709722522e-06
8                                     -4.0861998259109056e-05
9                                     -7.1178879993049270e-06
10                                     1.3079088880763685e-05
11                                    -1.1624867043576268e-05
12                                    -1.0207115447987899e-05
13                                     2.5677576625291194e-05
14                                     7.5362649650405399e-06
15                                    -5.0957591288516217e-06
16                                    -3.1538150671127032e-05
17                                     1.8333356169226262e-05
18                                     1.9501630140343824e-05
19                                     1.0888862926814689e-05
20                                     5.7571456528570096e-06
21                                     2.2083881395714577e-05
22                                     2.6319850632556516e-05
23                                    -2.6739884444964358e-05
24                                    -3.1487237653522206e-05
25                                     1.5328948116046962e-05
26                                    -7.1084964929113661e-06
27                                     1.1614646530475981e-05
28                                     9.9155135206534115e-06
29                                     1.2644261909637637e-05
30                                    -5.4990281910047973e-06
31                                    -3.2396295520173023e-05
32                                    -3.5019272218431774e-05
33                                    -2.6307678500915815e-07
34                                     1.2615858945832538e-05
35                                    -8.6914369776455171e-07
36                                    -7.5616434811788275e-06
37                                    -3.2824162929584357e-05
38                                     2.1109999569121244e-05
39                                     3.8914864215456658e-05
40                                     4.7070010355132084e-06
41                                    -2.8719226174967719e-06
42                                     1.5451951310692613e-05
43                                    -3.0231631081355606e-06
44                                    -2.4795195559211086e-05
45                                    -1.7912757773946321e-05
46                                    -4.8893208845083040e-05
47                                    -1.4222991157887278e-05
48                                     3.5690507206171708e-05
49                                    -3.6141253434096251e-05
50                                     1.9894274151092002e-05
51                                     8.4662731137722085e-06
52                                    -8.4217920738778877e-06
53                                     4.6105812734163613e-06
54                                    -3.0520015897085649e-05
55                                     7.4200725954468646e-05
56                                    -2.5634425997857411e-05
57                                     2.4599701230746470e-05
58                                     5.7542450263439325e-05
59                                     4.8215212545727761e-06
60                                     2.0432116766222149e-07
61                                    -5.1605360492213600e-05
62                                     3.4367281966145587e-05
63                                    -4.4755304284599038e-06
64                                     1.3143580450754538e-05
65                                    -5.4924956445979360e-06
66                                    -7.5042353902492927e-06
67                                     7.8957006006495753e-06
68                                    -8.9855560025118089e-07
69                                    -1.1665236887544307e-05
70                                     1.0076269038347999e-05
71                                    -8.0097745762459140e-06
72                                    -1.5473029259067072e-06
73                                     1.1587460407293761e-05
74                                     4.3286286265437806e-06
75                                    -5.9736875643161291e-06
76                                     5.3374880907126901e-06
77                                    -1.5970430686756195e-05
78                                    -8.5980219708364607e-06
79                                     1.4972534161538411e-05
80                                    -2.3068487518339802e-06
81                                    -3.4850898320122987e-05
82                                     1.3239986400937832e-05
83                                     1.4295922971317834e-05
84                                     1.9813929543168927e-06
85                                    -2.2635186214716569e-06
86                                     6.1199863216504117e-06
87                                    -5.3937373971602202e-06
88                                    -1.1420977862228185e-05
89                                    -5.1150903715449178e-07
90                                    -1.1406127777074724e-05
91                                    -1.0827621891737173e-05
92                                     6.8543695511320856e-06
93                                    -4.3943299876254873e-06
94                                    -2.7672401612165794e-06
95                                     1.2312128600779441e-05
96                                    -1.7295688971461848e-06
97                                     4.4491615851166631e-06
98                                     1.4947490980259302e-05
99                                    -1.2677195953352910e-05
100                                   -2.0455088639856248e-05
101                                   -2.4633951166552743e-05
102                                    1.2751872980708176e-05
103                                    2.5994497917296744e-05
104                                    2.5973980015493816e-05
   &Method [&Type "String"] "SCF"
   &Level [&Type "String"] "Relaxed density"
   &Mult [&Type "Integer"] 1
   &State [&Type "Integer"] 0
   &Irrep [&Type "Integer"] 0
$End
$Geometry
   &GeometryIndex 2
   &NAtoms [&Type "Integer"] 35
   &NCorelessECP [&Type "Integer"] 0
   &NGhostAtoms [&Type "Integer"] 0
   &CartesianCoordinates [&Type "Coordinates", &Dim(35,4), &Units "Bohr"] 
              P      5.844145952415   -3.197589900573    0.485852438744
              O      0.677098887803    2.420405889367   -2.425768921201
              O      1.317044931563    7.756501978688   -0.405604325042
              O     -3.183749102269    6.143218742946    1.356488338426
              O      4.704581158370   -0.623363217331   -0.762831366083
              O     -6.309650371190    1.840755344000    0.726450955694
              O      6.494015255040   -4.837000531492   -1.701870229282
              O      4.150282387937   -4.075557591622    2.550499932971
              O      8.389211939021   -2.196549828097    1.866381350034
              N     -2.668602178790    0.058297880258   -0.714588834475
              N     -5.985067459696   -2.427203519324    0.707634318039
              N     -5.795271991523   -6.769191654680    0.812804914300
              C      1.301728891327    5.388533677541    0.790216630695
              C     -1.355839673201    4.259681661693    1.113814310441
              C      2.615745970914    3.349046187581   -0.754164515449
              C     -1.667715742379    2.628371265251   -1.289232858661
              C      3.745417380259    1.274583881655    0.851597790598
              C     -1.338580911678   -2.063560976709   -1.209736882686
              C     -5.066652953820   -0.035472732629    0.267250869581
              C     -2.263666206426   -4.400338661665   -0.740873302082
              C     -4.716479194611   -4.602389138952    0.278313915167
              H      2.210299118241    5.663743756430    2.619499866626
              H     -1.334334633219    3.010471935751    2.767269300545
              H      4.072124957477    4.158842762834   -1.967228205801
              H     -3.018502662136    3.486938674362   -2.594455224555
              H      2.349192748783    0.463047814031    2.146409006828
              H      5.261838269706    2.100777332649    1.994592607882
              H      0.397975496241    7.654944792510   -1.974300951705
              H     -4.792405861121    5.274139614966    1.414375415388
              H      0.525097622259   -1.763866405418   -1.995434728446
              H     -1.164232085466   -6.073649749605   -1.129441953739
              H     -4.851301121970   -8.393822980448    0.504374804037
              H     -7.552074483945   -6.881351058597    1.541581340599
              H      9.699731737352   -1.832345588082    0.654352028505
              H     -7.757659003839   -2.478593196821    1.431710303745
$End
$SCF_Mulliken_Population_Analysis
   &GeometryIndex 2
   &NAtoms [&Type "Integer"] 35
   &ATNO [&Type "ArrayOfIntegers", &Dim (35,1)] 
                                                         0

0                                                       15
1                                                        8
2                                                        8
3                                                        8
4                                                        8
5                                                        8
6                                                        8
7                                                        8
8                                                        8
9                                                        7
10                                                       7
11                                                       7
12                                                       6
13                                                       6
14                                                       6
15                                                       6
16                                                       6
17                                                       6
18                                                       6
19                                                       6
20                                                       6
21                                                       1
22                                                       1
23                                                       1
24                                                       1
25                                                       1
26                                                       1
27                                                       1
28                                                       1
29                                                       1
30                                                       1
31                                                       1
32                                                       1
33                                                       1
34                                                       1
   &AtomicCharges [&Type "ArrayOfDoubles", &Dim (35,1)] 
                                                         0

0                                      8.0521104562954449e-01
1                                     -3.1113859245474629e-01
2                                     -4.7984341615211434e-01
3                                     -4.6543606237276691e-01
4                                     -3.5617760457487080e-01
5                                     -4.4324048137352356e-01
6                                     -7.0420789836787989e-01
7                                     -6.9754765914063377e-01
8                                     -5.4645924899277709e-01
9                                      5.8515962230402785e-02
10                                    -1.8174241202538699e-01
11                                    -3.3190849394306632e-01
12                                     1.0388832093329903e-01
13                                    -5.8825303340489299e-02
14                                     1.6970146377022299e-01
15                                     5.1573899706998105e-03
16                                    -1.7754890436045034e-01
17                                    -1.6579693714895427e-02
18                                     3.4808716838250753e-01
19                                    -2.5582866857376807e-01
20                                     2.8924176503434573e-01
21                                     1.3915941352561068e-01
22                                     1.3829742052854521e-01
23                                     1.1804167706966828e-01
24                                     1.6299969061785680e-01
25                                     1.3590134565888967e-01
26                                     1.3911887728707206e-01
27                                     3.4881676442124709e-01
28                                     3.5698953820069534e-01
29                                     1.9547045430053633e-01
30                                     1.9981530853744134e-01
31                                     3.2170719026830530e-01
32                                     3.1901731913777875e-01
33                                     3.6315997306500847e-01
34                                     3.0818635081775070e-01
   &Method [&Type "String"] "SCF"
   &Level [&Type "String"] "Relaxed density"
   &Mult [&Type "Integer"] 1
   &State [&Type "Integer"] -1
   &Irrep [&Type "Integer"] 0
$End
$SCF_Loewdin_Population_Analysis
   &GeometryIndex 2
   &NAtoms [&Type "Integer"] 35
   &ATNO [&Type "ArrayOfIntegers", &Dim (35,1)] 
                                                         0

0                                                       15
1                                                        8
2                                                        8
3                                                        8
4                                                        8
5                                                        8
6                                                        8
7                                                        8
8                                                        8
9                                                        7
10                                                       7
11                                                       7
12                                                       6
13                                                       6
14                                                       6
15                                                       6
16                                                       6
17                                                       6
18                                                       6
19                                                       6
20                                                       6
21                                                       1
22                                                       1
23                                                       1
24                                                       1
25                                                       1
26                                                       1
27                                                       1
28                                                       1
29                                                       1
30                                                       1
31                                                       1
32                                                       1
33                                                       1
34                                                       1
   &AtomicCharges [&Type "ArrayOfDoubles", &Dim (35,1)] 
                                                         0

0                                     -9.5123800183465335e-02
1                                      2.3132662444658436e-01
2                                      3.0812269954427762e-04
3                                     -4.4063466613764035e-04
4                                      3.6077742503478838e-02
5                                      6.3742605551522225e-02
6                                     -4.0337794860588261e-01
7                                     -3.9123501527397586e-01
8                                     -1.7635080969473549e-01
9                                      2.8790977632726023e-01
10                                     2.7525746107425864e-01
11                                     1.3591201253588370e-01
12                                    -3.0890368557724734e-01
13                                    -3.2872373000621646e-01
14                                    -2.8400206979190479e-01
15                                    -2.8420261071735986e-01
16                                    -3.3120135125928574e-01
17                                    -9.3548961192968072e-02
18                                    -4.4526422255057163e-01
19                                    -1.2699000465896226e-01
20                                    -2.5302004435571490e-01
21                                     1.6310217820743689e-01
22                                     1.5926789740017522e-01
23                                     1.5927935804426507e-01
24                                     1.6253824532298489e-01
25                                     1.3226327736228893e-01
26                                     1.3960448501070122e-01
27                                     1.9200914785386958e-01
28                                     1.8151311677045046e-01
29                                     1.7287201895600390e-01
30                                     1.7708829947525806e-01
31                                     2.1554903441556683e-01
32                                     2.1070994738616744e-01
33                                     1.8313190597335693e-01
34                                     2.4292163121742005e-01
   &Method [&Type "String"] "SCF"
   &Level [&Type "String"] "Relaxed density"
   &Mult [&Type "Integer"] 1
   &State [&Type "Integer"] -1
   &Irrep [&Type "Integer"] 0
$End
$SCF_Mayer_Population_Analysis
   &GeometryIndex 2
   &NAtoms [&Type "Integer"] 35 "Total number of atoms"
   &NBondOrdersPrint [&Type "Integer"] 36 "The number of bond orders larger than threshold"
   &bondThresh [&Type "Double"]       1.0000000000000001e-01  "The threshold for printing"
   &components [&Type "ArrayOfIntegers", &Dim (36,4)] "The indices and atomic numbers of the bonding atoms"
                                                         0                           1                           2                           3

0                                                        0                          15                           4                           8
1                                                        0                          15                           6                           8
2                                                        0                          15                           7                           8
3                                                        0                          15                           8                           8
4                                                        1                           8                          14                           6
5                                                        1                           8                          15                           6
6                                                        2                           8                          12                           6
7                                                        2                           8                          27                           1
8                                                        3                           8                          13                           6
9                                                        3                           8                          28                           1
10                                                       4                           8                          16                           6
11                                                       5                           8                          18                           6
12                                                       8                           8                          33                           1
13                                                       9                           7                          15                           6
14                                                       9                           7                          17                           6
15                                                       9                           7                          18                           6
16                                                      10                           7                          18                           6
17                                                      10                           7                          20                           6
18                                                      10                           7                          34                           1
19                                                      11                           7                          20                           6
20                                                      11                           7                          31                           1
21                                                      11                           7                          32                           1
22                                                      12                           6                          13                           6
23                                                      12                           6                          14                           6
24                                                      12                           6                          21                           1
25                                                      13                           6                          15                           6
26                                                      13                           6                          22                           1
27                                                      14                           6                          16                           6
28                                                      14                           6                          23                           1
29                                                      15                           6                          24                           1
30                                                      16                           6                          25                           1
31                                                      16                           6                          26                           1
32                                                      17                           6                          19                           6
33                                                      17                           6                          29                           1
34                                                      19                           6                          20                           6
35                                                      19                           6                          30                           1
   &BondOrders [&Type "ArrayOfDoubles", &Dim (36,1)] "The bond orders"
                                                         0

0                                      1.0105063417724904e+00
1                                      1.8910479906659292e+00
2                                      1.8352303080249839e+00
3                                      1.1199550141797039e+00
4                                      9.2138311023613673e-01
5                                      1.0502165468588132e+00
6                                      1.0201534530875529e+00
7                                      8.6311161024907046e-01
8                                      1.1468171513077097e+00
9                                      8.4132774840195512e-01
10                                     9.4902102543828126e-01
11                                     1.8475138438475416e+00
12                                     8.4865906931010382e-01
13                                     8.8360270145224717e-01
14                                     1.2292186508844627e+00
15                                     1.1557176054939109e+00
16                                     1.1818812997337533e+00
17                                     1.2452152860845662e+00
18                                     8.5159882259350728e-01
19                                     1.4788732639954008e+00
20                                     8.6522103442676113e-01
21                                     8.6423584321085989e-01
22                                     9.7138724075882976e-01
23                                     9.8041564009058346e-01
24                                     9.3290555184801993e-01
25                                     9.2320941290533998e-01
26                                     9.8945668374563911e-01
27                                     9.7873956072204871e-01
28                                     9.3384233682045714e-01
29                                     9.3710179806567995e-01
30                                     9.3793854302991719e-01
31                                     9.4357234163736270e-01
32                                     1.6079625061463609e+00
33                                     9.1577070197553667e-01
34                                     1.2187651379969784e+00
35                                     9.3820797412636947e-01
   &ATNO [&Type "ArrayOfIntegers", &Dim (35,1)] "Atomic number of the elements"
                                                         0

0                                                       15
1                                                        8
2                                                        8
3                                                        8
4                                                        8
5                                                        8
6                                                        8
7                                                        8
8                                                        8
9                                                        7
10                                                       7
11                                                       7
12                                                       6
13                                                       6
14                                                       6
15                                                       6
16                                                       6
17                                                       6
18                                                       6
19                                                       6
20                                                       6
21                                                       1
22                                                       1
23                                                       1
24                                                       1
25                                                       1
26                                                       1
27                                                       1
28                                                       1
29                                                       1
30                                                       1
31                                                       1
32                                                       1
33                                                       1
34                                                       1
   &NA [&Type "ArrayOfDoubles", &Dim (35,1)] "Mulliken gross atomic population"
                                                         0

0                                      1.4194788954370472e+01
1                                      8.3111385924547498e+00
2                                      8.4798434161521143e+00
3                                      8.4654360623727563e+00
4                                      8.3561776045748672e+00
5                                      8.4432404813735289e+00
6                                      8.7042078983678746e+00
7                                      8.6975476591406391e+00
8                                      8.5464592489927771e+00
9                                      6.9414840377695857e+00
10                                     7.1817424120253879e+00
11                                     7.3319084939430654e+00
12                                     5.8961116790667063e+00
13                                     6.0588253033404875e+00
14                                     5.8302985362297788e+00
15                                     5.9948426100293055e+00
16                                     6.1775489043604619e+00
17                                     6.0165796937148937e+00
18                                     5.6519128316174978e+00
19                                     6.2558286685737530e+00
20                                     5.7107582349656578e+00
21                                     8.6084058647438888e-01
22                                     8.6170257947145501e-01
23                                     8.8195832293033183e-01
24                                     8.3700030938214276e-01
25                                     8.6409865434111077e-01
26                                     8.6088112271292783e-01
27                                     6.5118323557875346e-01
28                                     6.4301046179930466e-01
29                                     8.0452954569946344e-01
30                                     8.0018469146255888e-01
31                                     6.7829280973169470e-01
32                                     6.8098268086222136e-01
33                                     6.3684002693499131e-01
34                                     6.9181364918224897e-01
   &ZA [&Type "ArrayOfDoubles", &Dim (35,1)] "Total nuclear charge"
                                                         0

0                                      1.5000000000000000e+01
1                                      8.0000000000000000e+00
2                                      8.0000000000000000e+00
3                                      8.0000000000000000e+00
4                                      8.0000000000000000e+00
5                                      8.0000000000000000e+00
6                                      8.0000000000000000e+00
7                                      8.0000000000000000e+00
8                                      8.0000000000000000e+00
9                                      7.0000000000000000e+00
10                                     7.0000000000000000e+00
11                                     7.0000000000000000e+00
12                                     6.0000000000000000e+00
13                                     6.0000000000000000e+00
14                                     6.0000000000000000e+00
15                                     6.0000000000000000e+00
16                                     6.0000000000000000e+00
17                                     6.0000000000000000e+00
18                                     6.0000000000000000e+00
19                                     6.0000000000000000e+00
20                                     6.0000000000000000e+00
21                                     1.0000000000000000e+00
22                                     1.0000000000000000e+00
23                                     1.0000000000000000e+00
24                                     1.0000000000000000e+00
25                                     1.0000000000000000e+00
26                                     1.0000000000000000e+00
27                                     1.0000000000000000e+00
28                                     1.0000000000000000e+00
29                                     1.0000000000000000e+00
30                                     1.0000000000000000e+00
31                                     1.0000000000000000e+00
32                                     1.0000000000000000e+00
33                                     1.0000000000000000e+00
34                                     1.0000000000000000e+00
   &QA [&Type "ArrayOfDoubles", &Dim (35,1)] "Mulliken gross atomic charge"
                                                         0

0                                      8.0521104562952850e-01
1                                     -3.1113859245474984e-01
2                                     -4.7984341615211434e-01
3                                     -4.6543606237275625e-01
4                                     -3.5617760457486725e-01
5                                     -4.4324048137352889e-01
6                                     -7.0420789836787456e-01
7                                     -6.9754765914063910e-01
8                                     -5.4645924899277709e-01
9                                      5.8515962230414331e-02
10                                    -1.8174241202538788e-01
11                                    -3.3190849394306543e-01
12                                     1.0388832093329370e-01
13                                    -5.8825303340487523e-02
14                                     1.6970146377022122e-01
15                                     5.1573899706944815e-03
16                                    -1.7754890436046189e-01
17                                    -1.6579693714893651e-02
18                                     3.4808716838250220e-01
19                                    -2.5582866857375297e-01
20                                     2.8924176503434218e-01
21                                     1.3915941352561112e-01
22                                     1.3829742052854499e-01
23                                     1.1804167706966817e-01
24                                     1.6299969061785724e-01
25                                     1.3590134565888923e-01
26                                     1.3911887728707217e-01
27                                     3.4881676442124654e-01
28                                     3.5698953820069534e-01
29                                     1.9547045430053656e-01
30                                     1.9981530853744112e-01
31                                     3.2170719026830530e-01
32                                     3.1901731913777864e-01
33                                     3.6315997306500869e-01
34                                     3.0818635081775103e-01
   &VA [&Type "ArrayOfDoubles", &Dim (35,1)] "Mayer's total valence"
                                                         0

0                                      5.9294205451828397e+00
1                                      2.0515410184054446e+00
2                                      1.9835920285883812e+00
3                                      1.9615898749231953e+00
4                                      1.9662692444655114e+00
5                                      2.0592317751445375e+00
6                                      1.8695568648328340e+00
7                                      1.8633443823055060e+00
8                                      1.9517093601695557e+00
9                                      3.3298322935438334e+00
10                                     3.3950878701323024e+00
11                                     3.3453807007341405e+00
12                                     3.9911789250839322e+00
13                                     4.1369055108378614e+00
14                                     3.9012622896843010e+00
15                                     3.9968117292405512e+00
16                                     3.9726806768857053e+00
17                                     4.0007617764232357e+00
18                                     4.3405260061087940e+00
19                                     3.9091682475459408e+00
20                                     4.1545025701803580e+00
21                                     9.7296432606644667e-01
22                                     9.6939998662822424e-01
23                                     9.8677393413650172e-01
24                                     9.7502758072040052e-01
25                                     9.8901916118798006e-01
26                                     9.7417155649929876e-01
27                                     8.9953604817663102e-01
28                                     9.0326534432153327e-01
29                                     9.9511724726376882e-01
30                                     9.6537685220741210e-01
31                                     9.0428330033664628e-01
32                                     9.0705498142803931e-01
33                                     8.9079312392678245e-01
34                                     9.2193551976049304e-01
   &BVA [&Type "ArrayOfDoubles", &Dim (35,1)] "Mayer's bonded valence"
                                                         0

0                                      5.9294205451828716e+00
1                                      2.0515410184054881e+00
2                                      1.9835920285883546e+00
3                                      1.9615898749232361e+00
4                                      1.9662692444655789e+00
5                                      2.0592317751445526e+00
6                                      1.8695568648328624e+00
7                                      1.8633443823054670e+00
8                                      1.9517093601695787e+00
9                                      3.3298322935438094e+00
10                                     3.3950878701322988e+00
11                                     3.3453807007341059e+00
12                                     3.9911789250838803e+00
13                                     4.1369055108379253e+00
14                                     3.9012622896843734e+00
15                                     3.9968117292405552e+00
16                                     3.9726806768856417e+00
17                                     4.0007617764231309e+00
18                                     4.3405260061087487e+00
19                                     3.9091682475458427e+00
20                                     4.1545025701803233e+00
21                                     9.7296432606644123e-01
22                                     9.6939998662825311e-01
23                                     9.8677393413651460e-01
24                                     9.7502758072043072e-01
25                                     9.8901916118794186e-01
26                                     9.7417155649930209e-01
27                                     8.9953604817662614e-01
28                                     9.0326534432152716e-01
29                                     9.9511724726377193e-01
30                                     9.6537685220740799e-01
31                                     9.0428330033666027e-01
32                                     9.0705498142803409e-01
33                                     8.9079312392678101e-01
34                                     9.2193551976050325e-01
   &FA [&Type "ArrayOfDoubles", &Dim (35,1)] "Mayer's free valence"
                                                         0

0                                      0.0000000000000000e+00
1                                      0.0000000000000000e+00
2                                      0.0000000000000000e+00
3                                      0.0000000000000000e+00
4                                      0.0000000000000000e+00
5                                      0.0000000000000000e+00
6                                      0.0000000000000000e+00
7                                      0.0000000000000000e+00
8                                      0.0000000000000000e+00
9                                      0.0000000000000000e+00
10                                     0.0000000000000000e+00
11                                     0.0000000000000000e+00
12                                     0.0000000000000000e+00
13                                     0.0000000000000000e+00
14                                     0.0000000000000000e+00
15                                     0.0000000000000000e+00
16                                     0.0000000000000000e+00
17                                     0.0000000000000000e+00
18                                     0.0000000000000000e+00
19                                     0.0000000000000000e+00
20                                     0.0000000000000000e+00
21                                     0.0000000000000000e+00
22                                     0.0000000000000000e+00
23                                     0.0000000000000000e+00
24                                     0.0000000000000000e+00
25                                     0.0000000000000000e+00
26                                     0.0000000000000000e+00
27                                     0.0000000000000000e+00
28                                     0.0000000000000000e+00
29                                     0.0000000000000000e+00
30                                     0.0000000000000000e+00
31                                     0.0000000000000000e+00
32                                     0.0000000000000000e+00
33                                     0.0000000000000000e+00
34                                     0.0000000000000000e+00
   &Method [&Type "String"] "SCF"
   &Level [&Type "String"] "Relaxed density"
   &Mult [&Type "Integer"] 1
   &State [&Type "Integer"] -1
   &Irrep [&Type "Integer"] 0
$End
$SCF_Energy
   &GeometryIndex 2
   &Method [&Type "String"] "SCF"
   &totalEnergy [&Type "ArrayOfDoubles", &Dim (1,1)] "Total energy of each state"
                                                         0

0                                     -1.4581098242022208e+03
   &Mult [&Type "ArrayOfIntegers", &Dim (1,1)] "Multiplicity of each state"
                                                         0

0                                                        1
$End
$DFT_Energy
   &GeometryIndex 2
   &nAlphaEl [&Type "Integer"] 84
   &nBetaEl [&Type "Integer"] 84
   &nTotalEl [&Type "Integer"] 167
   &finalEn [&Type "Double"]      -1.4581098242022208e+03  "No Van der Waals correction"
   &eExchange [&Type "Double"]      -1.2009869966228590e+02
   &eCorr [&Type "Double"]      -5.8392091246605933e+00
   &eXC [&Type "Double"]      -1.2593790878694649e+02
   &eCNL [&Type "Double"]       0.0000000000000000e+00
$End
$Solvation_Details
   &GeometryIndex 2
   &Solvent [&Type "String"] "WATER"
   &Epsilon [&Type "Double"]       8.0150999999999996e+01
   &Refrac [&Type "Double"]       1.3328000000000000e+00
   &RSolv [&Type "Double"]       1.3000000000000000e+00
   &SurfaceType [&Type "String"] "GAUSSIAN VDW"
   &CPCMDielEnergy [&Type "Double"]      -1.2618443900000001e-01
   &NPoints [&Type "Integer"] 2815
   &SurfaceArea [&Type "Double"]       1.1110853516400000e+03
$End
$SCF_Timings
   &GeometryIndex 2
   &TOTAL [&Type "Double"]       5.3624672000000004e+01
   &PREP [&Type "Double"]       8.0431100000000000e-01
   &FOCK [&Type "Double"]       4.8680650000000014e+01
   &DENS [&Type "Double"]       1.0217100000000556e-01
   &ETOT [&Type "Double"]       5.6756000000000029e-02
   &POP [&Type "Double"]       2.2572300000000212e-01
   &TRAFO [&Type "Double"]       3.3129399999999976e-01
   &DIIS [&Type "Double"]       3.3096499999999907e-01
   &SOSCF [&Type "Double"]       1.0275550000000067e+00
   &XC [&Type "Double"]       4.4289510000000032e+00
   &FOCKSTART [&Type "Double"]       2.4994999999994327e-02
   &SOLV [&Type "Double"]       3.8498640000000091e+00
   &SOLV_INIT [&Type "Double"]       2.2369499999999998e-01
   &INT_PREP [&Type "Double"]       2.9999999959784418e-06
   &INT_BF [&Type "Double"]       1.0518819999999245e+00
   &INT_DENS [&Type "Double"]       1.6395359999999553e+00
   &INT_DENSIO [&Type "Double"]       5.4412400575000102e+04
   &INT_FUNC [&Type "Double"]       5.6783999999881374e-02
   &INT_POT [&Type "Double"]       1.2516650000001128e+00
   &INT_POTIO [&Type "Double"]       8.8020000000579302e-03
   &INT_SUM [&Type "Double"]       5.0500000000575085e-04
   &SPLITRIJ [&Type "Double"]       2.9673519999999973e+00
   &COSX [&Type "Double"]       4.0234230999999994e+01
$End
$VdW_Correction
   &GeometryIndex 2
   &vdW [&Type "Double"]      -4.0676825830592900e-02
$End
$Single_Point_Data
   &GeometryIndex 2
   &FinalEnergy [&Type "Double"]      -1.4581505010280514e+03  "Final single point energy"
   &Converged [&Type "Boolean"] true
$End
$SCF_Dipole_Moment
   &GeometryIndex 2
   &dipoleMagnitude [&Type "Double", &Units "a.u."]       8.8395148448192931e+00
   &dipoleElecContrib [&Type "ArrayOfDoubles", &Dim (3,1)] "Electronic contribution"
                                                         0

0                                     -5.6415708640320450e-01
1                                     -5.7323372273462523e+00
2                                     -1.8287452078499129e+00
   &dipoleNucContrib [&Type "ArrayOfDoubles", &Dim (3,1)] "Nuclear contribution"
                                                         0

0                                     -8.2154936079663656e+00
1                                      4.7302841453189641e+00
2                                      1.6036985517178981e+00
   &dipoleTotal [&Type "ArrayOfDoubles", &Dim (3,1)] "Total"
                                                         0

0                                     -8.7796506943695700e+00
1                                     -1.0020530820272882e+00
2                                     -2.2504665613201480e-01
   &doAtomicDipole [&Type "Boolean"] false
   &Method [&Type "String"] "SCF"
   &Level [&Type "String"] "Relaxed density"
   &Mult [&Type "Integer"] 1
   &State [&Type "Integer"] -1
   &Irrep [&Type "Integer"] 0
$End
$Calculation_Info
   &GeometryIndex 2
   &Mult [&Type "Integer"] 1
   &Charge [&Type "Integer"] 0
   &NumOfAtoms [&Type "Integer"] 35
   &NumOfElectrons [&Type "Integer"] 168
   &NumOfBasisFuncts [&Type "Integer"] 741
   &NumOfAuxCBasisFuncts [&Type "Integer"] 0
   &NumOfAuxJBasisFuncts [&Type "Integer"] 1185
   &NumOfAuxJKBasisFuncts [&Type "Integer"] 0
   &NumOfCABSBasisFuncts [&Type "Integer"] 0
$End
$Calculation_Timings
   &GeometryIndex 2
   &GTOINT [&Type "Double"]       7.0452920000000017e+00
   &SCF [&Type "Double"]       1.5297058400000003e+02
   &SCFGRAD [&Type "Double"]       4.3077418999999992e+01
   &GSTEP [&Type "Double"]       1.8031999999999347e-02
   &PROP [&Type "Double"]       7.0225600000000554e-01
   &SUM [&Type "Double"]       2.0381358300000002e+02
$End
